#num_yr
71
#num_edades
14
#num_tallas
31
#Data historica
#Yr	HB cv CPUEst cv CPUEps cv Yps cv Yst cv Yct cv 
 1980 0 0.05 0.221 0.4 0 0.1 0.001 0.05 18.36 0.05 0.001 0.05
 1981 0 0.05 0.203 0.4 0 0.1 0.001 0.05 23.67 0.05 0.001 0.05
 1982 0 0.05 0.118 0.4 0 0.1 0.001 0.05 18.24 0.05 0.001 0.05
 1983 0 0.05 0.178 0.4 0 0.1 0.001 0.05 22.44 0.05 0.001 0.05
 1984 0 0.05 0.062 0.4 0 0.1 0.001 0.05 26.79 0.05 0.001 0.05
 1985 0 0.05 0.068 0.4 0 0.1 0.001 0.05 18.72 0.05 0.001 0.05
 1986 0 0.05 0.071 0.4 0 0.1 0.001 0.05 37.08 0.05 0.001 0.05
 1987 0 0.05 0.054 0.4 0 0.1 114.56 0.05 17.28 0.05 0.001 0.05
 1988 0 0.05 0.048 0.4 171.39 0.1 191.81 0.05 19.82 0.05 0.001 0.05
 1989 0 0.05 0.044 0.4 157.85 0.1 207.21 0.05 20.18 0.05 0.001 0.05
 1990 0 0.05 0.043 0.4 120.29 0.1 107.33 0.05 20.68 0.05 0.001 0.05
 1991 0 0.05 0.075 0.4 133.59 0.1 149.6 0.05 15.08 0.05 0.001 0.05
 1992 0 0.05 0.056 0.4 132.15 0.1 196.67 0.05 17.66 0.05 0.001 0.05
 1993 0 0.05 0.045 0.4 90.02 0.1 70.95 0.05 11.63 0.05 0.001 0.05
 1994 0 0.05 0.032 0.4 115.57 0.1 68.59 0.05 12.72 0.05 0.001 0.05
 1995 0 0.05 0.055 0.4 114.63 0.1 192.29 0.05 14.44 0.05 0.001 0.05
 1996 0 0.05 0.045 0.4 109.67 0.1 360.08 0.05 15.37 0.05 0.001 0.05
 1997 0 0.05 0.058 0.4 76.54 0.1 60.2 0.05 11.28 0.05 0.001 0.05
 1998 0 0.05 0.104 0.4 84.48 0.1 336.81 0.05 17.38 0.05 0.001 0.05
 1999 0 0.05 0.166 0.4 124.23 0.1 285.9 0.05 24 0.05 0.001 0.05
 2000 501.3 0.05 0.179 0.4 142.2 0.1 74 0.05 17.34 0.05 0.001 0.05
 2001 577.9 0.05 0.384 0.4 128.87 0.1 123.29 0.05 31.2 0.05 7.59 0.05
 2002 433.7 0.05 1 0.3 95.01 0.1 78.81 0.05 34.52 0.05 24.15 0.05
 2003 245.6 0.05 0.736 0.3 0 0.1 4.02 0.05 33.89 0.05 44.98 0.05
 2004 188 0.05 0.649 0.3 0 0.1 3.15 0.05 47.63 0.05 17.3 0.05
 2005 145.1 0.05 0.522 0.3 0 0.1 5.21 0.05 45.56 0.05 28 0.05
 2006 0 0.05 0.549 0.3 0 0.1 0.05 0.05 42.82 0.05 29.77 0.05
 2007 163.2 0.05 0.459 0.3 0 0.1 0.02 0.05 40.71 0.05 22.96 0.05
 2008 231.2 0.05 0.751 0.3 0 0.1 0.001 0.05 56.6 0.05 16.85 0.05
 2009 251.5 0.05 0.628 0.3 0 0.1 0.001 0.05 66.74 0.05 11.7 0.05
 2010 208.3 0.05 0 0.3 0 0.1 0.001 0.05 54.46 0.05 9.54 0.05
#Data simulada futura
#Yr	HB cv CPUEst cv CPUEps cv Yps cv Yst cv Yct cv 
2011 205.496 0.05 0.458654 0.3 17.1638 0.1 0.417349 0.05 16.694 0.05 24.6236 0.05
2012 207.546 0.05 0.457938 0.3 17.1742 0.1 0.373234 0.05 14.9294 0.05 22.0208 0.05
2013 220.036 0.05 0.458002 0.3 20.8483 0.1 0.365464 0.05 14.6186 0.05 21.5624 0.05
2014 222.301 0.05 0.431885 0.3 18.7884 0.1 0.396395 0.05 15.8558 0.05 23.3873 0.05
2015 235.429 0.05 0.41109 0.3 26.2915 0.1 0.420623 0.05 16.8249 0.05 24.8168 0.05
2016 299.473 0.05 0.866155 0.3 25.6403 0.1 0.468824 0.05 18.753 0.05 27.6606 0.05
2017 296.849 0.05 0.60206 0.3 23.5739 0.1 0.558542 0.05 22.3417 0.05 32.954 0.05
2018 273.034 0.05 0.539186 0.3 19.7016 0.1 0.573227 0.05 22.9291 0.05 33.8204 0.05
2019 269.26 0.05 0.616204 0.3 22.5594 0.1 0.513623 0.05 20.5449 0.05 30.3038 0.05
2020 284.837 0.05 0.596663 0.3 19.2465 0.1 0.51432 0.05 20.5728 0.05 30.3449 0.05
2021 346.572 0.05 0.662455 0.3 62.5562 0.1 0.53924 0.05 21.5696 0.05 31.8152 0.05
2022 623.046 0.05 0.657351 0.3 107.697 0.1 0.797542 0.05 31.9017 0.05 47.055 0.05
2023 862.388 0.05 1.44159 0.3 110.732 0.1 1.42934 0.05 57.1737 0.05 84.3311 0.05
2024 1001.59 0.05 1.3388 0.3 117.078 0.1 1.87371 0.05 74.9485 0.05 110.549 0.05
2025 968.195 0.05 2.12713 0.3 100.757 0.1 2.26509 0.05 90.6038 0.05 133.641 0.05
2026 980.869 0.05 1.39203 0.3 98.9001 0.1 2.21858 0.05 88.7433 0.05 130.896 0.05
2027 1041.95 0.05 1.75516 0.3 90.5354 0.1 2.1901 0.05 87.6041 0.05 129.216 0.05
2028 980.035 0.05 1.57786 0.3 99.2789 0.1 2.16433 0.05 86.5731 0.05 127.695 0.05
2029 1193.71 0.05 3.17374 0.3 124.096 0.1 2.20408 0.05 88.163 0.05 130.04 0.05
2030 1235.81 0.05 1.54582 0.3 135.346 0.1 2.54717 0.05 101.887 0.05 150.283 0.05
2031 1148.35 0.05 1.343 0.3 122.583 0.1 2.80664 0.05 112.266 0.05 165.592 0.05
2032 894.53 0.05 1.83663 0.3 85.5758 0.1 2.67519 0.05 107.008 0.05 157.836 0.05
2033 817.204 0.05 1.99905 0.3 96.3565 0.1 2.2906 0.05 91.6241 0.05 135.146 0.05
2034 879.207 0.05 1.09694 0.3 126.434 0.1 2.09614 0.05 83.8455 0.05 123.672 0.05
2035 914.44 0.05 1.69641 0.3 91.8953 0.1 2.28432 0.05 91.3729 0.05 134.775 0.05
2036 715.368 0.05 1.37194 0.3 85.2214 0.1 2.13629 0.05 85.4517 0.05 126.041 0.05
2037 618.304 0.05 1.3207 0.3 65.8339 0.1 1.82345 0.05 72.938 0.05 107.583 0.05
2038 546.923 0.05 1.22773 0.3 43.5203 0.1 1.50033 0.05 60.013 0.05 88.5192 0.05
2039 504.445 0.05 0.605168 0.3 51.3335 0.1 1.22851 0.05 49.1405 0.05 72.4822 0.05
2040 575.758 0.05 0.918775 0.3 71.9466 0.1 1.17936 0.05 47.1743 0.05 69.5822 0.05
2041 634.744 0.05 1.09386 0.3 79.4529 0.1 1.351 0.05 54.0402 0.05 79.7093 0.05
2042 667.992 0.05 2.6812 0.3 82.7858 0.1 1.40462 0.05 56.1849 0.05 82.8727 0.05
2043 844.132 0.05 1.07479 0.3 110.658 0.1 1.42817 0.05 57.1269 0.05 84.2622 0.05
2044 983.873 0.05 1.83858 0.3 97.5753 0.1 1.73791 0.05 69.5164 0.05 102.537 0.05
2045 896.032 0.05 1.88745 0.3 103.737 0.1 1.9079 0.05 76.3162 0.05 112.566 0.05
2046 933.87 0.05 1.43509 0.3 91.704 0.1 1.83359 0.05 73.3434 0.05 108.182 0.05
2047 981.871 0.05 1.42091 0.3 89.2232 0.1 1.90229 0.05 76.0916 0.05 112.235 0.05
2048 816.505 0.05 3.89869 0.3 53.4994 0.1 1.89686 0.05 75.8746 0.05 111.915 0.05
2049 788.15 0.05 1.15854 0.3 57.6356 0.1 1.5768 0.05 63.072 0.05 93.0312 0.05
2050 749.067 0.05 1.07354 0.3 62.1245 0.1 1.4506 0.05 58.0241 0.05 85.5855 0.05
#edades
 1 2 3 4 5 6 7 8 9 10 11 12 13 14
#tallas
 20 22 24 26 28 30 32 34 36 38 40 42 44 46 48 50 52 54 56 58 60 62 64 66 68 70 72 74 76 78 80
#Captura a la edad Cerco
 0 0 0 0 0 0 0 0 0 0 0 0 0 0
 0 0 0 0 0 0 0 0 0 0 0 0 0 0
 0 0 0 0 0 0 0 0 0 0 0 0 0 0
 0 0 0 0 0 0 0 0 0 0 0 0 0 0
 0 0 0 0 0 0 0 0 0 0 0 0 0 0
 0 0 0 0 0 0 0 0 0 0 0 0 0 0
 0 0 0 0 0 0 0 0 0 0 0 0 0 0
 0 0 0 0 0 0 0 0 0 0 0 0 0 0
 0 0 0 0 0 0 0 0 0 0 0 0 0 0
 0 0 0 0 0 0 0 0 0 0 0 0 0 0
 0 0 0 0 0 0 0 0 0 0 0 0 0 0
 0 0 0 0 0 0 0 0 0 0 0 0 0 0
 0 0 0 0 0 0 0 0 0 0 0 0 0 0
 0 0 0 0 0 0 0 0 0 0 0 0 0 0
 0 0 0 0 0 0 0 0 0 0 0 0 0 0
 0 0 0 0 0 0 0 0 0 0 0 0 0 0
 0 0 0 0 0 0 0 0 0 0 0 0 0 0
 0 84932 18908 7177 769 822 293 103 0 0 0 0 0 0
 0 18119 609030 43945 93427 20262 7052 3237 334 301 138 60 0 0
 343 93079 191960 205500 70608 74436 15843 7088 2015 583 240 50 0 0
 1368 160030 152850 12486 4597 944 207 182 453 0 0 17 0 0
 0 36162 173140 76494 16363 11367 5005 2677 299 423 0 0 0 0
 0 0 0 0 0 0 0 0 0 0 0 0 0 0
 0 0 0 0 0 0 0 0 0 0 0 0 0 0
 0 0 0 0 0 0 0 0 0 0 0 0 0 0
 0 0 0 0 0 0 0 0 0 0 0 0 0 0
 0 0 0 0 0 0 0 0 0 0 0 0 0 0
 0 0 0 0 0 0 0 0 0 0 0 0 0 0
 0 0 0 0 0 0 0 0 0 0 0 0 0 0
 0 0 0 0 0 0 0 0 0 0 0 0 0 0
 0 0 0 0 0 0 0 0 0 0 0 0 0 0
#Captura a la edad cerco Simulado
 0.000838546 0.570685 0.510934 0.271661 0.118849 0.0358826 0.00841139 0.00139474 0.000160584 2.62577e-05 1.91497e-06 1.13362e-07 9.03732e-09 3.83993e-10
 0.00297462 0.142181 0.716543 0.248247 0.102383 0.0353019 0.00841682 0.00155775 0.000203864 1.85218e-05 2.38967e-06 1.37511e-07 6.42293e-09 4.04012e-10
 0.00278266 0.554438 0.196273 0.383115 0.103035 0.0334932 0.00911941 0.00171659 0.000250742 2.58939e-05 1.85627e-06 1.88968e-07 8.57981e-09 3.17044e-10
 0.00478223 0.475672 0.701549 0.0959799 0.145215 0.0307757 0.00789992 0.00169821 0.000252293 2.90801e-05 2.36957e-06 1.34031e-07 1.07657e-08 3.85676e-10
 0.00161888 0.72363 0.532588 0.303329 0.0321585 0.0383379 0.00641569 0.00130018 0.000220586 2.58595e-05 2.35186e-06 1.51209e-07 6.74843e-09 4.27693e-10
 0.001756 0.291966 0.965803 0.274454 0.121091 0.0101134 0.0095187 0.00125746 0.000201113 2.6924e-05 2.49046e-06 1.78716e-07 9.06608e-09 3.19253e-10
 0.00249419 0.430117 0.529273 0.675652 0.148639 0.0516574 0.00340611 0.00253069 0.000263841 3.32975e-05 3.5173e-06 2.5671e-07 1.45351e-08 5.81786e-10
 0.00525522 0.524298 0.66805 0.31637 0.312519 0.0541708 0.0148675 0.000774007 0.000453887 3.73411e-05 3.71842e-06 3.0992e-07 1.78473e-08 7.97328e-10
 0.00260435 0.804548 0.593373 0.291606 0.107021 0.0833329 0.0114097 0.00247276 0.00010161 4.70197e-05 3.05227e-06 2.39821e-07 1.57713e-08 7.1661e-10
 0.0204799 0.430358 0.982905 0.279517 0.106415 0.0307767 0.0189256 0.00204592 0.000349958 1.13476e-05 4.14335e-06 2.1222e-07 1.31566e-08 6.82675e-10
 0.00594161 1.8149 0.282223 0.249047 0.0549054 0.0164724 0.00376199 0.00182642 0.00015583 2.10334e-05 5.38144e-07 1.55038e-07 6.26562e-09 3.06485e-10
 0.0074512 0.924216 2.08014 0.123719 0.0843136 0.0146324 0.00346448 0.000624471 0.000239246 1.61066e-05 1.71537e-06 3.46289e-08 7.87171e-09 2.51007e-10
 0.00610475 1.99263 1.80656 1.53093 0.0700475 0.0375596 0.00514365 0.000961143 0.000136711 4.13277e-05 2.19531e-06 1.84477e-07 2.93841e-09 5.27028e-10
 0.0106705 1.38825 3.30579 1.12469 0.732775 0.0263848 0.0111663 0.001207 0.000177988 1.99766e-05 4.76494e-06 1.99712e-07 1.32416e-08 1.95717e-10
 0.00989911 2.49565 2.37707 2.13729 0.559517 0.286939 0.008156 0.00272476 0.000232442 2.7047e-05 2.39524e-06 4.50792e-07 1.49078e-08 7.79903e-10
 0.0137245 1.87532 3.44034 1.22562 0.847671 0.174737 0.0707595 0.00158794 0.000418699 2.81851e-05 2.58777e-06 1.80821e-07 2.68514e-08 7.00639e-10
 0.0181668 2.55917 2.5635 1.7837 0.490224 0.267065 0.0434744 0.0139 0.000246199 5.12257e-05 2.72087e-06 1.97109e-07 1.08672e-08 1.27329e-09
 0.0227168 2.97572 3.05864 1.15259 0.617987 0.133783 0.0575571 0.00739785 0.00186687 2.60929e-05 4.28377e-06 1.79531e-07 1.02619e-08 4.46407e-10
 0.0117904 3.44324 3.27015 1.24997 0.362286 0.152969 0.0261488 0.00888204 0.00090102 0.000179421 1.97872e-06 2.56319e-07 8.47588e-09 3.82265e-10
 0.0100942 2.27428 4.77029 1.65323 0.483839 0.110361 0.0367876 0.00496438 0.00133082 0.000106529 1.67382e-05 1.4565e-07 1.48866e-08 3.88411e-10
 0.0112094 2.39728 3.7514 2.6868 0.703919 0.161973 0.0291666 0.0076754 0.000817459 0.000172922 1.09219e-05 1.35403e-06 9.29657e-09 7.49722e-10
 0.0462705 2.48931 3.62625 1.85938 0.99764 0.2054 0.0373213 0.00530655 0.00110221 9.26343e-05 1.54618e-05 7.70549e-07 7.53742e-08 4.24514e-10
 0.0162346 5.75558 2.12511 1.03105 0.39718 0.167551 0.0272491 0.00391024 0.00043887 7.19354e-05 4.7704e-06 6.28256e-07 2.4704e-08 1.90669e-09
 0.00940903 2.18504 5.17874 0.600902 0.216526 0.065491 0.0218111 0.00280057 0.000317188 2.8092e-05 3.63321e-06 1.90106e-07 1.97546e-08 6.129e-10
 0.00893643 2.11421 3.31937 2.53356 0.21939 0.0620751 0.0148189 0.00389586 0.000394783 3.52819e-05 2.46556e-06 2.51603e-07 1.03875e-08 8.51677e-10
 0.00419141 1.85323 3.00098 1.55957 0.893699 0.0608128 0.0135843 0.00256028 0.000531234 4.24788e-05 2.99548e-06 1.65167e-07 1.32989e-08 4.33212e-10
 0.00988388 0.897158 2.72885 1.4797 0.57915 0.260928 0.0140202 0.00247282 0.000367853 6.02299e-05 3.80015e-06 2.1144e-07 9.1989e-09 5.8441e-10
 0.0263647 1.95887 1.22526 1.25336 0.512553 0.15779 0.0561505 0.00238259 0.000331702 3.89384e-05 5.0306e-06 2.50439e-07 1.09946e-08 4.06428e-10
 0.0136332 2.96426 1.50956 0.314048 0.241746 0.0777574 0.01891 0.00531456 0.000178009 1.95566e-05 1.81147e-06 1.84657e-07 7.25337e-09 2.64313e-10
 0.00347401 1.7085 2.53915 0.426991 0.0667201 0.040363 0.0102494 0.00196784 0.000436489 1.15366e-05 1.00007e-06 7.30903e-08 5.87877e-09 1.89416e-10
 0.0128979 0.746389 2.55907 1.30847 0.166616 0.0204671 0.00977247 0.00195876 0.000296786 5.19453e-05 1.0833e-06 7.40958e-08 4.2728e-09 2.71163e-10
 0.0130738 2.31661 0.980423 1.26903 0.500088 0.0501396 0.00486244 0.00183276 0.000289916 3.46624e-05 4.78696e-06 7.87688e-08 4.25099e-09 2.1165e-10
 0.00235191 1.95311 2.53398 0.40609 0.40568 0.125902 0.00996569 0.000762932 0.000226948 2.8328e-05 2.6724e-06 2.91203e-07 3.78077e-09 1.76036e-10
 0.012807 0.549768 3.33133 1.62548 0.200711 0.157856 0.0386703 0.00241612 0.000145972 3.42632e-05 3.37455e-06 2.51185e-07 2.15962e-08 2.3538e-10
 0.0145296 2.83158 0.884858 2.00869 0.75486 0.0733972 0.0455756 0.00881398 0.000434621 2.07199e-05 3.83748e-06 2.98212e-07 1.75143e-08 1.18814e-09
 0.00319327 2.28163 3.23706 0.379121 0.663022 0.196255 0.0150693 0.00738798 0.00112768 4.38793e-05 1.65059e-06 2.41207e-07 1.47897e-08 6.8536e-10
 0.00535937 0.665438 3.45998 1.83806 0.165798 0.228344 0.0533674 0.00323512 0.00125178 0.000150771 4.62904e-06 1.37392e-07 1.58418e-08 7.66417e-10
 0.0132291 1.2982 1.17283 2.28373 0.934683 0.066411 0.0722298 0.0133287 0.00063771 0.000194714 1.8505e-05 4.48285e-07 1.04982e-08 9.55099e-10
 0.0139342 2.21665 1.58833 0.541652 0.814686 0.262838 0.0147544 0.0126733 0.00184599 6.96976e-05 1.67918e-05 1.25916e-06 2.4068e-08 4.45006e-10
 0.0110044 2.04375 2.37704 0.644188 0.169687 0.201156 0.0512673 0.00227267 0.00154085 0.000177112 5.27644e-06 1.00303e-06 5.93458e-08 8.95029e-10
#Captura a la talla cerco 
 0 0 0 0 0 0 0 0 0 0 0 0 0 0 0 0 0 0 0 0 0 0 0 0 0 0 0 0 0 0 0
 0 0 0 0 0 0 0 0 0 0 0 0 0 0 0 0 0 0 0 0 0 0 0 0 0 0 0 0 0 0 0
 0 0 0 0 0 0 0 0 0 0 0 0 0 0 0 0 0 0 0 0 0 0 0 0 0 0 0 0 0 0 0
 0 0 0 0 0 0 0 0 0 0 0 0 0 0 0 0 0 0 0 0 0 0 0 0 0 0 0 0 0 0 0
 0 0 0 0 0 0 0 0 0 0 0 0 0 0 0 0 0 0 0 0 0 0 0 0 0 0 0 0 0 0 0
 0 0 0 0 0 0 0 0 0 0 0 0 0 0 0 0 0 0 0 0 0 0 0 0 0 0 0 0 0 0 0
 0 0 0 0 0 0 0 0 0 0 0 0 0 0 0 0 0 0 0 0 0 0 0 0 0 0 0 0 0 0 0
 0 0 0 0 0 0 0 0 0 0 0 0 0 0 0 0 0 0 0 0 0 0 0 0 0 0 0 0 0 0 0
 0 0 0 0 541 0 1043 4399 8944 11648 43824 90109 137190 111320 78401 56587 43204 30532 13357 12108 14664 8442 2461 1421 1521 0 149 541 0 0 0
 0 0 0 0 0 0 0 0 0 0 0 0 0 0 0 0 0 0 0 0 0 0 0 0 0 0 0 0 0 0 0
 0 0 0 0 0 0 0 0 0 0 0 0 0 0 0 0 0 0 0 0 0 0 0 0 0 0 0 0 0 0 0
 0 0 0 0 0 0 0 0 0 0 0 0 0 0 0 0 0 0 0 0 0 0 0 0 0 0 0 0 0 0 0
 0 0 0 0 0 0 0 0 0 0 0 0 0 0 0 0 0 0 0 0 0 0 0 0 0 0 0 0 0 0 0
 0 0 0 0 0 0 0 0 0 0 0 0 0 0 0 0 0 0 0 0 0 0 0 0 0 0 0 0 0 0 0
 0 0 0 0 0 0 0 0 0 0 0 0 0 0 0 0 0 0 0 0 0 0 0 0 0 0 0 0 0 0 0
 0 0 0 0 0 0 0 0 0 0 0 0 0 0 0 0 0 0 0 0 0 0 0 0 0 0 0 0 0 0 0
 0 53 53 668 1848 3234 4166 4204 2172 1695 11467 62695 99983 101050 98541 70869 67462 64590 52083 34423 20027 8910 4003 2668 2153 1119 172 86 861 0 0
 0 0 0 0 0 0 0 0 0 0 0 0 0 0 0 0 0 0 0 0 0 0 0 0 0 0 0 0 0 0 0
 0 0 0 0 0 0 0 0 0 0 0 0 0 0 0 0 0 0 0 0 0 0 0 0 0 0 0 0 0 0 0
 0 0 0 0 0 0 0 0 0 0 0 0 0 0 0 0 0 0 0 0 0 0 0 0 0 0 0 0 0 0 0
 0 0 0 0 0 0 0 0 0 0 0 0 0 0 0 0 0 0 0 0 0 0 0 0 0 0 0 0 0 0 0
 0 0 0 0 0 0 0 0 0 0 0 0 0 0 0 0 0 0 0 0 0 0 0 0 0 0 0 0 0 0 0
 0 0 0 0 0 0 0 0 0 0 0 0 0 0 0 0 0 0 0 0 0 0 0 0 0 0 0 0 0 0 0
 0 0 0 0 0 0 0 0 0 0 0 0 0 0 0 0 0 0 0 0 0 0 0 0 0 0 0 0 0 0 0
 0 0 0 0 0 0 0 0 0 0 0 0 0 0 0 0 0 0 0 0 0 0 0 0 0 0 0 0 0 0 0
 0 0 0 0 0 0 0 0 0 0 0 0 0 0 0 0 0 0 0 0 0 0 0 0 0 0 0 0 0 0 0
 0 0 0 0 0 0 0 0 0 0 0 0 0 0 0 0 0 0 0 0 0 0 0 0 0 0 0 0 0 0 0
 0 0 0 0 0 0 0 0 0 0 0 0 0 0 0 0 0 0 0 0 0 0 0 0 0 0 0 0 0 0 0
 0 0 0 0 0 0 0 0 0 0 0 0 0 0 0 0 0 0 0 0 0 0 0 0 0 0 0 0 0 0 0
 0 0 0 0 0 0 0 0 0 0 0 0 0 0 0 0 0 0 0 0 0 0 0 0 0 0 0 0 0 0 0
 0 0 0 0 0 0 0 0 0 0 0 0 0 0 0 0 0 0 0 0 0 0 0 0 0 0 0 0 0 0 0
#Captura a la talla simulado
 1.52847e-16 9.06648e-07 8.73327e-06 5.06445e-05 0.000184149 0.000569861 0.00215944 0.00848172 0.0265355 0.0615276 0.105101 0.133872 0.132221 0.112587 0.0999304 0.102399 0.10857 0.106377 0.0950079 0.0809246 0.0690487 0.0596505 0.0510048 0.0422981 0.0339422 0.0265445 0.020321 0.015203 0.0110753 0.00784414 0.00540446
 1.26755e-16 3.17794e-06 3.02058e-05 0.000167827 0.000521472 0.00095023 0.00130293 0.00253496 0.00686342 0.0159998 0.0287135 0.0413097 0.0533136 0.070506 0.0970594 0.125941 0.142415 0.13773 0.116697 0.0916194 0.0713917 0.0573989 0.0470737 0.0382944 0.0305318 0.0239148 0.0184548 0.0139915 0.010367 0.00748103 0.00525138
 1.29442e-16 2.98141e-06 2.84297e-05 0.000159642 0.000517283 0.00112832 0.00263834 0.00851202 0.0257931 0.0594594 0.100835 0.126064 0.118293 0.0884485 0.062249 0.0528972 0.056028 0.062973 0.0693487 0.0737439 0.074558 0.0701371 0.0606692 0.0485477 0.0367248 0.0270116 0.0197364 0.0144211 0.0104861 0.00752954 0.00530873
 1.47352e-16 5.11411e-06 4.86627e-05 0.000271362 0.000855624 0.00166793 0.002926 0.00766883 0.0223519 0.051614 0.0887744 0.115249 0.119524 0.113009 0.115122 0.127751 0.135156 0.124524 0.0986664 0.0703259 0.0497168 0.0388259 0.0341745 0.0316435 0.0288085 0.0249368 0.0202913 0.0155268 0.0112622 0.00784325 0.0053159
 1.64816e-16 1.74266e-06 1.67046e-05 9.53961e-05 0.00032903 0.00088481 0.00289057 0.0108304 0.0336436 0.0778933 0.132773 0.168191 0.163661 0.134421 0.112488 0.109905 0.114393 0.111604 0.0993283 0.0835297 0.0690129 0.0562449 0.0441467 0.0328406 0.0234793 0.0167967 0.0124995 0.00971952 0.00766991 0.00593374 0.00440395
 1.68382e-16 1.88026e-06 1.7917e-05 0.000100382 0.000322427 0.000679606 0.0014741 0.00455834 0.0137945 0.0322656 0.056787 0.0779799 0.0919167 0.108088 0.13665 0.170674 0.189822 0.180963 0.15001 0.113829 0.0849906 0.0656799 0.0522553 0.0413506 0.0318061 0.0236569 0.0170448 0.011935 0.00817977 0.00555884 0.0037974
 1.85485e-16 2.67098e-06 2.5455e-05 0.000142674 0.000459 0.00097355 0.00214121 0.0066667 0.0201116 0.0465495 0.0798579 0.102957 0.105067 0.0966375 0.0968444 0.11096 0.128826 0.140182 0.143513 0.141747 0.135442 0.12261 0.103024 0.0801161 0.0586073 0.0414427 0.0290057 0.0202598 0.0140333 0.00954012 0.00632682
 1.91207e-16 5.61996e-06 5.34763e-05 0.000298211 0.000940355 0.00183373 0.00322018 0.00844641 0.0246122 0.0567766 0.097413 0.125676 0.128354 0.117795 0.116281 0.128345 0.139673 0.137541 0.123265 0.106674 0.0948266 0.0877974 0.0820853 0.074902 0.0654592 0.0542971 0.0425326 0.0314253 0.0219954 0.014727 0.00954751
 1.9129e-16 2.79618e-06 2.67255e-05 0.000151208 0.000504146 0.00121874 0.00343536 0.0121574 0.0374395 0.0866097 0.147624 0.187003 0.181962 0.149402 0.124841 0.121538 0.125749 0.121622 0.107135 0.0896297 0.0750783 0.0640931 0.0548146 0.0462274 0.0385417 0.0320563 0.0265784 0.0216875 0.0171363 0.0129517 0.00930373
 1.88631e-16 2.18685e-05 0.000207737 0.00115201 0.00355167 0.00622779 0.00709796 0.00927969 0.0209785 0.0471917 0.0818252 0.108995 0.120259 0.1276 0.147536 0.176656 0.193896 0.184184 0.152423 0.115381 0.0857982 0.0659899 0.0523976 0.0417249 0.0328126 0.0255606 0.0198579 0.0154041 0.0118876 0.00907784 0.00681407
 2.43518e-16 6.37882e-06 6.09633e-05 0.000344835 0.00114867 0.00276807 0.00776206 0.0273924 0.0842134 0.194204 0.328473 0.407554 0.373861 0.260627 0.151453 0.0922017 0.0728463 0.0677604 0.0636303 0.0585116 0.0529281 0.0463437 0.0382949 0.0295545 0.0215521 0.0152449 0.0107358 0.00762486 0.0054558 0.00390833 0.00278894
 3.24348e-16 7.97203e-06 7.58969e-05 0.000423963 0.00134601 0.00270353 0.00518214 0.0146634 0.043518 0.101062 0.175543 0.233531 0.256727 0.270276 0.308794 0.363909 0.389414 0.352816 0.266467 0.170586 0.09755 0.0552342 0.0349219 0.0254322 0.0199098 0.0156191 0.0118609 0.00861484 0.00598571 0.00401251 0.00262938
 5.45781e-16 6.55658e-06 6.26901e-05 0.000355112 0.00118924 0.00291776 0.0084151 0.0300741 0.092792 0.214886 0.367108 0.467887 0.463013 0.396559 0.356691 0.373146 0.407017 0.415577 0.392344 0.353238 0.308754 0.257659 0.198671 0.138342 0.0868691 0.0503545 0.0283086 0.0164287 0.0102221 0.00673186 0.00450777
 6.61466e-16 1.14177e-05 0.000108715 0.000607544 0.0019321 0.00390861 0.0076413 0.0219577 0.0653894 0.152011 0.264509 0.353469 0.392798 0.421993 0.494297 0.597359 0.661399 0.637141 0.541337 0.429141 0.341079 0.282418 0.23925 0.199552 0.159742 0.121193 0.0863786 0.0573959 0.0354386 0.0204494 0.0112278
 7.91494e-16 1.06168e-05 0.000101352 0.000571208 0.00187691 0.0043126 0.0111606 0.0379952 0.116338 0.269276 0.460284 0.587599 0.584056 0.505584 0.462664 0.491573 0.542312 0.561154 0.541155 0.503455 0.460886 0.409949 0.346447 0.27631 0.210858 0.157506 0.116854 0.085851 0.0615194 0.0422903 0.0275581
 7.7039e-16 1.46874e-05 0.000139867 0.000781992 0.00249133 0.00507785 0.0101267 0.0295218 0.0880648 0.204206 0.352918 0.463645 0.495186 0.496243 0.542345 0.632642 0.693639 0.668819 0.572093 0.459354 0.372121 0.315554 0.275041 0.237918 0.200077 0.162336 0.126649 0.0948681 0.0683691 0.0476611 0.0323092
 7.80171e-16 1.94429e-05 0.00018517 0.00103558 0.00330299 0.00676392 0.013653 0.0401221 0.119662 0.276317 0.472517 0.604136 0.602824 0.526059 0.485782 0.51582 0.560883 0.564304 0.522136 0.463008 0.406985 0.353606 0.296881 0.238299 0.184966 0.141934 0.109232 0.0840909 0.0638952 0.0472813 0.0337927
 8.08114e-16 2.43079e-05 0.000231455 0.00129354 0.00411453 0.00833026 0.0163144 0.046885 0.139221 0.321378 0.549705 0.703271 0.702689 0.614228 0.565878 0.592842 0.626341 0.599362 0.51288 0.411771 0.33128 0.275927 0.233905 0.195808 0.15954 0.126333 0.097321 0.0729557 0.0533288 0.0381959 0.0269315
 8.56666e-16 1.26548e-05 0.00012091 0.0006833 0.00226847 0.00540458 0.0148838 0.0521518 0.160427 0.371475 0.634907 0.810126 0.803775 0.691294 0.621659 0.639595 0.67064 0.63935 0.543873 0.430662 0.337002 0.26859 0.214894 0.168412 0.128661 0.0969866 0.0729577 0.0547419 0.0405987 0.0294881 0.02087
 9.38306e-16 1.08206e-05 0.000103239 0.000580774 0.00189509 0.00424512 0.0104804 0.0348821 0.106665 0.248267 0.430557 0.570347 0.621169 0.644758 0.730491 0.867804 0.954844 0.916168 0.772371 0.600928 0.459917 0.358856 0.281873 0.216574 0.160994 0.116731 0.0835576 0.0593525 0.0417801 0.0290842 0.0200077
 9.79333e-16 1.20134e-05 0.000114591 0.000644125 0.0020954 0.00464023 0.0111971 0.0368007 0.112164 0.260301 0.448449 0.58431 0.611972 0.592022 0.625853 0.726288 0.816209 0.829676 0.771389 0.686054 0.602628 0.51976 0.428877 0.333361 0.245421 0.174333 0.1216 0.0838697 0.0570777 0.0381927 0.0251185
 9.31794e-16 4.94387e-05 0.000469967 0.00261228 0.00813056 0.0149342 0.0211631 0.0431927 0.117853 0.270217 0.46448 0.602885 0.62532 0.592645 0.609426 0.690617 0.759236 0.749619 0.669484 0.570248 0.488612 0.426403 0.369946 0.311447 0.252377 0.196977 0.148033 0.106828 0.07393 0.04922 0.0317402
 9.5595e-16 1.74454e-05 0.000166902 0.000947221 0.00319439 0.00801731 0.0239043 0.0865423 0.267242 0.617222 1.04695 1.30905 1.22802 0.914726 0.629764 0.499268 0.46628 0.437619 0.382438 0.318581 0.265423 0.224635 0.18924 0.155469 0.124354 0.0976921 0.0757213 0.0576357 0.0426922 0.0305437 0.0210188
 8.30155e-16 1.00874e-05 9.62582e-05 0.000541766 0.00177106 0.00399448 0.00999277 0.033495 0.102604 0.239169 0.416147 0.5557 0.616204 0.658525 0.764053 0.90969 0.981624 0.900559 0.696713 0.467406 0.289916 0.182258 0.124021 0.0906469 0.0682689 0.0516624 0.0389589 0.0291238 0.0214557 0.0155062 0.0109592
 8.29544e-16 9.58154e-06 9.1439e-05 0.000514792 0.00168474 0.003815 0.00961351 0.0323189 0.0988828 0.229571 0.395551 0.515501 0.540234 0.523366 0.554529 0.64518 0.72719 0.74167 0.691079 0.612428 0.529355 0.441013 0.343214 0.244095 0.158746 0.0967445 0.0576774 0.035183 0.0224631 0.0149047 0.0100645
 7.41038e-16 4.51151e-06 4.32418e-05 0.000246868 0.000850556 0.0022803 0.00742428 0.0278081 0.0865445 0.201302 0.347074 0.452924 0.476041 0.463206 0.491406 0.567444 0.628277 0.622261 0.557443 0.476746 0.41024 0.358901 0.310918 0.259635 0.206554 0.15601 0.111431 0.0748609 0.0471962 0.0280894 0.0160453
 6.01032e-16 1.05681e-05 0.000100541 0.000560315 0.00176245 0.00339916 0.00576441 0.0146444 0.0425216 0.0989202 0.173517 0.236582 0.274905 0.317266 0.397177 0.499346 0.568554 0.567527 0.50937 0.434564 0.370601 0.319256 0.271845 0.224655 0.180202 0.141491 0.10905 0.0819203 0.0592998 0.0409573 0.0268272
 5.23785e-16 2.81808e-05 0.000268006 0.00149185 0.00467051 0.00881633 0.0138778 0.032477 0.0919428 0.210771 0.358534 0.452507 0.436066 0.34997 0.28273 0.272028 0.290979 0.303812 0.301136 0.29067 0.276835 0.256219 0.225861 0.188807 0.151405 0.118324 0.0909421 0.0687306 0.0508493 0.0366719 0.0256898
 5.16842e-16 1.4612e-05 0.000139389 0.000783699 0.00255172 0.00566936 0.0137655 0.0453473 0.137952 0.318374 0.540968 0.679706 0.646464 0.499891 0.372065 0.320482 0.306352 0.27747 0.223232 0.16406 0.119364 0.0928747 0.0780598 0.0678485 0.0585929 0.0492835 0.0400249 0.031279 0.0235444 0.0171421 0.0121288
 4.80956e-16 3.74283e-06 3.59115e-05 0.000205698 0.000717046 0.00198812 0.00673575 0.0255709 0.0797145 0.185315 0.318935 0.414225 0.430028 0.407475 0.41631 0.463046 0.490551 0.451869 0.355809 0.246704 0.16046 0.105246 0.071908 0.0502281 0.0350997 0.0247079 0.0178902 0.0134035 0.0102195 0.00774109 0.00572244
 4.8361e-16 1.37821e-05 0.000131025 0.000728511 0.00227016 0.00419373 0.00608483 0.0128685 0.0356381 0.0826472 0.145597 0.200718 0.238667 0.284667 0.365509 0.463824 0.527451 0.521909 0.459701 0.378956 0.306085 0.244115 0.186985 0.133652 0.0885201 0.0552288 0.0334848 0.0203545 0.0126423 0.00806756 0.0052819
 5.14912e-16 1.40017e-05 0.000133453 0.000748234 0.00241018 0.00513725 0.0114231 0.0357806 0.107868 0.248623 0.421987 0.528799 0.49943 0.379886 0.276318 0.240253 0.249072 0.264889 0.272778 0.27387 0.267883 0.250024 0.218337 0.177596 0.135701 0.0985303 0.0683694 0.0452543 0.0284618 0.0170271 0.00978553
 5.45805e-16 2.55009e-06 2.46398e-05 0.000144263 0.000541219 0.00179948 0.00725211 0.0289841 0.0909745 0.211429 0.363019 0.468564 0.478896 0.439407 0.431237 0.467774 0.491609 0.45332 0.360566 0.257819 0.181117 0.137682 0.116001 0.102781 0.0905024 0.0767726 0.0618464 0.0470124 0.0336731 0.0227693 0.0145823
 5.9544e-16 1.36811e-05 0.000130023 0.000722175 0.0022408 0.0040558 0.00540054 0.0100123 0.0267243 0.0625011 0.11346 0.167431 0.226016 0.314588 0.448278 0.592689 0.680806 0.673077 0.589711 0.482572 0.387487 0.309188 0.239705 0.176794 0.124883 0.0874001 0.0629548 0.0472123 0.0360928 0.0272455 0.0198265
 6.66405e-16 1.55661e-05 0.000148419 0.000833167 0.00269654 0.00585536 0.0135613 0.0435132 0.131715 0.30354 0.51448 0.642263 0.600174 0.44357 0.304436 0.25238 0.267971 0.308484 0.35054 0.384183 0.398513 0.383336 0.33867 0.276273 0.211396 0.154439 0.109063 0.0749009 0.050298 0.033366 0.0221498
 6.82367e-16 3.45483e-06 3.33021e-05 0.000193546 0.000708918 0.00223254 0.00859619 0.0339343 0.106359 0.247299 0.425256 0.551069 0.568843 0.532701 0.536136 0.590036 0.621347 0.569833 0.448102 0.315432 0.219725 0.170582 0.151726 0.143373 0.133409 0.117758 0.0973234 0.0751917 0.0545587 0.0374935 0.0246517
 6.47266e-16 5.73403e-06 5.45906e-05 0.000304954 0.000968295 0.00194615 0.00374041 0.0106348 0.0317905 0.0749505 0.134875 0.194943 0.253831 0.339694 0.472928 0.620841 0.714014 0.71018 0.628725 0.521606 0.424314 0.341184 0.264964 0.195325 0.138561 0.0987309 0.073736 0.0579865 0.0464394 0.036424 0.0272947
 5.9146e-16 1.41468e-05 0.000134608 0.000750557 0.00236564 0.00460349 0.00803054 0.0209266 0.0608423 0.140071 0.239237 0.305122 0.302835 0.262377 0.243949 0.271397 0.324293 0.376817 0.419966 0.45174 0.463799 0.445213 0.394826 0.324492 0.250607 0.184824 0.131688 0.0913172 0.0621807 0.0421742 0.0289054
 5.52206e-16 1.49181e-05 0.000142132 0.000795897 0.00255117 0.00533211 0.0113261 0.0344674 0.103423 0.238613 0.406515 0.514532 0.499495 0.407549 0.336302 0.322469 0.328859 0.313027 0.271473 0.227303 0.199346 0.18882 0.186049 0.18123 0.169168 0.149108 0.123333 0.0956684 0.0698809 0.0484493 0.0322085
 5.5501e-16 1.17874e-05 0.000112369 0.000630399 0.00203535 0.00437843 0.00994009 0.0315494 0.09549 0.220997 0.37871 0.48668 0.491924 0.440972 0.420255 0.448853 0.472976 0.443373 0.363719 0.271958 0.198809 0.150461 0.118869 0.0962499 0.0794077 0.0671057 0.0577703 0.0495843 0.0413848 0.0329926 0.0248926
#Captura a la edad arrastre sur
 0 0 0 0 0 0 0 0 0 0 0 0 0 0
 0 0 0 0 0 0 0 0 0 0 0 0 0 0
 0 0 0 0 0 0 0 0 0 0 0 0 0 0
 0 0 0 0 0 0 0 0 0 0 0 0 0 0
 0 0 0 0 0 0 0 0 0 0 0 0 0 0
 0 0 0 0 0 0 0 0 0 0 0 0 0 0
 0 0 0 0 0 0 0 0 0 0 0 0 0 0
 0 0 0 0 0 0 0 0 0 0 0 0 0 0
 16 1999 8496 9066 19724 33462 16359 6545 2496 1079 480 186 81 12
 84 703 3364 16904 15720 30051 20831 7612 3032 1141 424 97 34 2
 107 3099 4664 12246 20162 20000 15825 13887 6469 2768 526 116 130 0
 264 2313 3699 7936 18081 30690 14783 9645 6872 3876 1543 116 182 0
 77 1863 3010 8063 19844 21207 20884 12838 7388 2658 1604 476 38 50
 302 4406 11399 11470 11442 12073 14518 14267 11950 4423 2612 699 366 74
 7 981 9303 11199 14405 11197 13612 14811 12441 7556 2702 1379 368 39
 22 2669 1596 10211 16379 12365 13979 15126 12638 9225 3609 798 686 697
 1342 4159 5330 10343 15809 15708 21612 14660 6894 2588 1137 188 145 84
 6 2093 3011 16355 7646 12778 13800 11772 10967 9631 6470 3078 1836 559
 0 137 1981 7183 39832 17389 12314 8490 6908 2864 2024 514 171 194
 7 128 483 11897 11407 30470 14897 15476 7435 4415 2220 703 283 180
 103 7208 10091 7703 21610 12815 16810 9803 6373 4108 1935 630 428 383
 0 1879 7398 8906 14383 24260 12746 14592 7809 3734 2591 1066 425 213
 0 525 2406 8395 12289 14155 22695 13866 16364 5721 2219 989 290 87
 0 389 4832 11155 20303 14480 14631 16434 10811 4891 1352 406 302 14
 24 752 9251 8967 9231 16526 16594 13483 14860 5913 2724 1330 96 249
 29 1701 3032 16497 16820 14224 18673 12461 6771 5532 2305 1296 432 226
 32 2503 8403 8567 22964 19776 11749 12995 7157 2483 2152 780 285 156
 5 3048 13477 16794 14666 19915 12278 7737 7753 1991 1175 793 235 132
 0 1851 16110 25750 18527 8800 10848 6411 5688 3204 1452 892 254 213
 71 1566 14689 25528 24414 13172 7696 6156 3199 1953 747 492 190 129
 0 0 0 0 0 0 0 0 0 0 0 0 0 0
#Captura a la edad arrastre sur Simulado
 0.0332512 0.804206 2.74806 5.85746 5.35042 3.39716 2.0619 1.11841 0.533684 0.458358 0.222528 0.111141 0.0947415 0.054554
 0.108724 0.184615 3.54182 4.8873 4.19654 3.04177 1.87769 1.1368 0.616589 0.294242 0.252717 0.122692 0.0612784 0.0522362
 0.0925377 0.654913 0.881687 6.83767 3.82451 2.61303 1.84203 1.13424 0.686649 0.372455 0.177742 0.152659 0.0741148 0.0370165
 0.185524 0.655623 3.68362 2.0108 6.33893 2.82438 1.87712 1.31999 0.812747 0.492054 0.266907 0.127373 0.109399 0.0531122
 0.0751187 1.19298 3.34514 7.6033 1.67972 4.21007 1.82414 1.20928 0.850302 0.523579 0.316992 0.171948 0.0820571 0.0704773
 0.0820418 0.484656 6.10886 6.93047 6.37279 1.11903 2.72695 1.17842 0.781125 0.54927 0.338222 0.204771 0.111076 0.0530075
 0.0896266 0.549205 2.57726 13.162 6.04012 4.41396 0.753557 1.83149 0.791372 0.524587 0.368884 0.227147 0.137523 0.0745974
 0.166467 0.590185 2.86937 5.44357 11.2237 4.09117 2.90728 0.495111 1.20331 0.519976 0.344691 0.242384 0.149253 0.0903628
 0.0905319 0.993687 2.79271 5.48014 4.19197 6.86278 2.43285 1.72476 0.293734 0.713948 0.30852 0.204518 0.143816 0.0885574
 0.781463 0.58346 5.07867 5.76877 4.57817 2.7839 4.43239 1.56742 1.11118 0.189252 0.460004 0.198784 0.131774 0.0926626
 0.442152 4.79818 2.84153 9.99721 4.59073 2.89544 1.71209 2.71905 0.96148 0.681657 0.116099 0.282197 0.121947 0.0808391
 0.728685 3.21209 27.5976 6.58298 9.36854 3.41933 2.09621 1.236 1.96255 0.693982 0.492014 0.0837995 0.203688 0.0880207
 0.44117 5.119 17.7513 60.6292 5.80565 6.54887 2.32221 1.41948 0.83679 1.32868 0.469841 0.333105 0.0567342 0.137902
 0.622698 2.88009 26.2443 36.0287 49.1523 3.72345 4.08027 1.44278 0.88177 0.519819 0.825396 0.291873 0.20693 0.0365163
 0.452657 4.05723 14.7941 53.7311 29.4671 31.7953 2.34014 2.55743 0.904197 0.55263 0.32579 0.517309 0.182928 0.129691
 0.567285 2.75541 19.3304 27.7408 40.1443 17.4082 18.2531 1.33998 1.46432 0.517752 0.316448 0.186556 0.296224 0.104749
 0.690402 3.45674 13.2277 36.9807 21.2417 24.3396 10.259 10.7299 0.787662 0.860811 0.304371 0.186031 0.109671 0.174142
 0.94623 4.40538 17.2976 26.1872 29.3438 13.3609 14.8837 6.25787 6.54495 0.480487 0.525122 0.185677 0.113486 0.0669032
 0.581579 6.03653 21.8997 33.6274 20.3681 18.0884 8.00612 8.89597 3.74014 3.91196 0.287196 0.313877 0.110983 0.0678328
 0.507841 4.06779 32.6562 45.6903 28.0056 13.4398 11.6003 5.12085 5.68946 2.39213 2.50207 0.18369 0.200755 0.0709845
 0.480281 3.65316 21.9442 63.9237 35.1917 17.0451 7.94797 6.84202 3.02011 3.35563 1.4109 1.47575 0.108342 0.118407
 1.8064 3.45801 19.4023 40.8168 46.1993 20.0331 9.42636 4.38446 3.77436 1.66616 1.85131 0.778401 0.814178 0.0597731
 0.925933 11.6813 16.6201 33.1227 26.9316 23.9299 10.0784 4.73107 2.20072 1.89469 0.836421 0.929374 0.390765 0.408725
 0.734424 6.06992 55.4893 26.5125 20.1869 12.8627 11.0938 4.6598 2.18731 1.01752 0.876044 0.386736 0.429715 0.180678
 0.534472 4.4995 27.2178 85.2988 15.5875 9.28934 5.74283 4.9389 2.07424 0.973685 0.452957 0.38998 0.17216 0.191292
 0.206555 3.24924 20.2454 43.0543 51.9858 7.44904 4.30898 2.65668 2.28461 0.959544 0.450437 0.209544 0.18041 0.0796432
 0.387899 1.25244 14.6387 32.3714 26.6559 25.2836 3.51798 2.02977 1.25142 1.07623 0.452033 0.212198 0.0987148 0.0849898
 0.91781 2.42553 5.82715 24.2797 20.8778 13.5303 12.468 1.73064 0.998572 0.615708 0.529532 0.222412 0.104407 0.048637
 0.775451 5.99769 11.7396 9.966 16.1441 10.9327 6.88495 6.32983 0.878698 0.50706 0.312658 0.268899 0.112942 0.0530186
 0.280622 4.90917 28.0389 19.2339 6.32368 8.05415 5.29611 3.32631 3.05787 0.424513 0.244973 0.151054 0.129913 0.0545655
 0.798358 1.64292 21.6008 44.8051 11.9747 3.09582 3.8276 2.50967 1.57599 1.44884 0.20114 0.116072 0.0715714 0.0615546
 0.682446 4.29796 6.94825 36.1293 29.7537 6.27441 1.57551 1.94259 1.27356 0.799787 0.735275 0.102077 0.0589058 0.036614
 0.138355 4.08285 20.2077 12.9665 27.0309 17.6407 3.61539 0.905404 1.11623 0.731833 0.459592 0.422522 0.0586581 0.0341446
 0.599963 0.915289 21.1722 41.4329 10.6839 17.6714 11.2088 2.29091 0.573629 0.707223 0.46368 0.291193 0.267706 0.0372178
 0.556721 3.85586 4.60026 41.8944 32.8818 6.72402 10.8107 6.83914 1.3977 0.34999 0.431508 0.282913 0.17767 0.16334
 0.14048 3.56725 19.3232 9.08015 33.1675 20.6476 4.105 6.58347 4.16475 0.851193 0.213148 0.262795 0.172298 0.108204
 0.20289 0.895289 17.7723 37.875 7.13536 20.6673 12.5067 2.48008 3.97718 2.51612 0.514257 0.128776 0.158771 0.104096
 0.368937 1.28665 4.4371 34.6469 29.6109 4.42462 12.4601 7.52144 1.49146 2.39194 1.51327 0.309291 0.0774502 0.0954899
 0.390475 2.20713 6.02926 8.21894 25.7779 17.4867 2.54157 7.14131 4.31112 0.854958 1.37119 0.867498 0.177304 0.0443991
 0.383182 2.52872 11.2151 12.1565 6.67916 16.6488 10.9863 1.59315 4.47667 2.70276 0.536013 0.85967 0.543879 0.111161
#Captura a la edad arrastre centro
 0 0 0 0 0 0 0 0 0 0 0 0 0 0
 0 0 0 0 0 0 0 0 0 0 0 0 0 0
 0 0 0 0 0 0 0 0 0 0 0 0 0 0
 0 0 0 0 0 0 0 0 0 0 0 0 0 0
 0 0 0 0 0 0 0 0 0 0 0 0 0 0
 0 0 0 0 0 0 0 0 0 0 0 0 0 0
 0 0 0 0 0 0 0 0 0 0 0 0 0 0
 0 0 0 0 0 0 0 0 0 0 0 0 0 0
 0 0 0 0 0 0 0 0 0 0 0 0 0 0
 0 0 0 0 0 0 0 0 0 0 0 0 0 0
 0 0 0 0 0 0 0 0 0 0 0 0 0 0
 0 0 0 0 0 0 0 0 0 0 0 0 0 0
 0 0 0 0 0 0 0 0 0 0 0 0 0 0
 0 0 0 0 0 0 0 0 0 0 0 0 0 0
 0 0 0 0 0 0 0 0 0 0 0 0 0 0
 0 0 0 0 0 0 0 0 0 0 0 0 0 0
 0 0 0 0 0 0 0 0 0 0 0 0 0 0
 0 0 0 0 0 0 0 0 0 0 0 0 0 0
 0 0 0 0 0 0 0 0 0 0 0 0 0 0
 0 0 0 0 0 0 0 0 0 0 0 0 0 0
 0 0 0 0 0 0 0 0 0 0 0 0 0 0
 0 0 0 0 0 0 0 0 0 0 0 0 0 0
 0 0 0 0 0 0 0 0 0 0 0 0 0 0
 0 29 118 623 6747 13238 18013 20640 17129 10751 6660 3987 1502 562
 0 0 509 5723 18706 23050 18337 11237 9724 6859 3372 1512 299 672
 0 4008 9306 14280 12441 14851 19063 12363 7347 3736 2516 76 4 10
 15 6537 23171 18129 19243 10866 8244 6725 3830 2333 682 182 12 32
 0 948 26775 31505 13806 7153 5240 4675 5000 2005 1505 671 354 362
 0 261 8122 40260 26412 10014 5840 4570 3001 875 278 287 60 20
 0 22 5541 22292 38828 20013 6451 3392 1571 949 441 278 145 76
 0 0 0 0 0 0 0 0 0 0 0 0 0 0
#Captura a la edad arrastre centro Simulado
 0.00523303 0.258525 1.55158 2.86609 2.24502 1.39052 0.841482 0.456285 0.217722 0.186991 0.0907824 0.045341 0.0386506 0.0222558
 0.00679839 0.0235672 0.788929 0.932784 0.685678 0.484777 0.298368 0.180579 0.0979412 0.0467382 0.0401423 0.0194888 0.00973363 0.00829735
 0.00791283 0.114338 0.268856 1.78959 0.857129 0.571227 0.401489 0.247136 0.149607 0.0811501 0.0387263 0.0332612 0.0161481 0.00806513
 0.0103068 0.0743585 0.728803 0.340735 0.919499 0.399618 0.264805 0.186149 0.114612 0.0693882 0.0376385 0.0179619 0.0154271 0.00748973
 0.00467545 0.151591 0.741802 1.44506 0.273308 0.66818 0.288652 0.191293 0.134503 0.0828205 0.0501422 0.027199 0.0129799 0.0111482
 0.00516068 0.0622404 1.36918 1.33145 1.04817 0.179528 0.436194 0.188434 0.1249 0.0878269 0.0540808 0.0327424 0.0177607 0.00847577
 0.00404538 0.050605 0.414081 1.80979 0.710874 0.506709 0.0862499 0.209558 0.0905449 0.0600204 0.0422057 0.0259889 0.0157346 0.00853503
 0.00850185 0.0615355 0.521899 0.848009 1.49673 0.532158 0.377043 0.0641894 0.156 0.0674104 0.0446862 0.031423 0.0193493 0.0117147
 0.00558083 0.125058 0.613374 1.03159 0.675564 1.07879 0.381298 0.270231 0.0460198 0.111855 0.0483362 0.0320421 0.0225318 0.0138744
 0.0506024 0.0771342 1.17196 1.14134 0.775498 0.459974 0.73018 0.258127 0.182986 0.0311652 0.0757517 0.0327349 0.0217 0.0152593
 0.0297933 0.660082 0.682334 2.05821 0.809185 0.497819 0.293493 0.465954 0.164759 0.116808 0.0198947 0.0483572 0.0208968 0.0138525
 0.0781702 0.703672 10.5854 2.17633 2.65382 0.944821 0.577506 0.340405 0.540486 0.191122 0.1355 0.0230782 0.0560953 0.0242407
 0.0820103 1.94422 11.8781 35.3512 2.90523 3.19703 1.13031 0.690688 0.407149 0.646483 0.228606 0.162075 0.0276045 0.0670973
 0.121844 1.1515 18.5046 22.1744 25.9699 1.91924 2.09695 0.741237 0.452998 0.267049 0.424035 0.149945 0.106307 0.0181124
 0.0604552 1.10682 7.08681 22.2975 10.4856 11.0369 0.809918 0.884831 0.312827 0.191194 0.112714 0.178974 0.0632878 0.0448694
 0.133153 1.32174 16.3906 20.6171 25.6286 10.8425 11.3352 0.831852 0.909013 0.321406 0.196442 0.115808 0.183887 0.0650254
 0.102879 1.05215 7.07069 17.1282 8.43658 9.43019 3.96302 4.14356 0.30416 0.332406 0.117534 0.0718367 0.0423499 0.0672458
 0.207273 1.97187 13.6605 18.067 17.3816 7.72093 8.57551 3.6044 3.76962 0.27674 0.302447 0.106942 0.0653627 0.0385333
 0.185075 3.92739 25.3055 34.3505 17.8958 15.5062 6.84299 7.60106 3.1956 3.34239 0.245382 0.268178 0.0948244 0.0579566
 0.20125 3.29772 47.3887 59.4572 31.4156 14.7115 12.6605 5.58705 6.20721 2.60981 2.72975 0.200405 0.219023 0.0774438
 0.339864 5.3009 58.7602 162.8 77.9972 36.8842 17.1487 14.7576 6.51388 7.23751 3.04306 3.18293 0.233675 0.255384
 1.41001 5.54129 58.2661 120.359 119.201 50.4814 23.6848 11.0128 9.48006 4.18487 4.64991 1.9551 2.04496 0.150131
 0.632031 16.3585 43.2408 83.0972 58.935 51.1345 21.4734 10.0769 4.68723 4.03542 1.78146 1.97943 0.832273 0.870526
 0.669177 11.3691 198.245 96.6582 64.8374 40.3649 34.7138 14.5763 6.84188 3.18277 2.74024 1.2097 1.34414 0.565156
 0.455672 7.88011 90.06 282.023 45.2321 26.3314 16.2316 13.9548 5.86053 2.75103 1.27978 1.10184 0.486416 0.540472
 0.159831 5.16032 60.0543 124.523 131.398 18.3872 10.6054 6.53659 5.62093 2.3608 1.10823 0.515548 0.443868 0.195949
 0.297777 1.97271 42.8905 91.6939 65.8893 61.0283 8.4669 4.88355 3.01075 2.58927 1.08753 0.510519 0.237494 0.204474
 0.699439 3.7921 16.917 67.9 50.9198 32.223 29.6069 4.10829 2.37038 1.46154 1.25698 0.527953 0.247837 0.115294
 0.611863 9.71187 35.4522 29.2523 41.3898 27.3718 17.1875 15.7966 2.19278 1.26536 0.78023 0.671032 0.281845 0.132307
 0.235215 8.44709 90.353 60.7723 17.4785 21.7414 14.2549 8.9501 8.22754 1.14219 0.659124 0.406424 0.349542 0.146814
 0.56734 2.39365 57.9489 113.82 26.4535 6.6769 8.23113 5.39519 3.38787 3.11454 0.432385 0.249517 0.153855 0.132322
 0.13355 1.71843 4.89379 22.1684 15.6678 3.22322 0.806963 0.994652 0.652071 0.409493 0.376463 0.0522637 0.0301599 0.018597
 0.0292904 1.76601 15.3998 8.6109 15.4062 9.8085 2.00428 0.501767 0.618585 0.405559 0.254691 0.234149 0.0325065 0.0187586
 0.151296 0.4717 19.2832 33.0639 7.32333 11.8174 7.47352 1.52698 0.382331 0.471372 0.309048 0.194083 0.178429 0.024771
 0.154841 2.19199 4.62996 37.062 24.9983 4.98731 7.9948 5.05607 1.03326 0.258732 0.318994 0.209145 0.131344 0.12075
 0.0378077 1.96222 18.8077 7.76079 24.358 14.7937 2.9325 4.70151 2.9741 0.607846 0.152211 0.187664 0.12304 0.0772694
 0.057137 0.51534 18.1153 33.9474 5.49636 15.5321 9.37139 1.85773 2.97905 1.88466 0.385196 0.0964576 0.118925 0.0779715
 0.10447 0.744693 4.54746 31.2213 22.9318 3.34309 9.38666 5.6643 1.12316 1.80127 1.13958 0.232914 0.0583245 0.0719094
 0.0980394 1.1324 5.4606 6.50871 17.5292 11.6007 1.68111 4.72202 2.85052 0.565298 0.906632 0.573589 0.117233 0.0293567
 0.0867888 1.17025 9.14994 8.65207 4.08051 9.92272 6.52853 0.946404 2.65925 1.6055 0.318403 0.510662 0.323075 0.066032
#Captura a la edad crucero
 0 0 0 0 0 0 0 0 0 0 0 0 0 0
 0 0 0 0 0 0 0 0 0 0 0 0 0 0
 0 0 0 0 0 0 0 0 0 0 0 0 0 0
 0 0 0 0 0 0 0 0 0 0 0 0 0 0
 0 0 0 0 0 0 0 0 0 0 0 0 0 0
 0 0 0 0 0 0 0 0 0 0 0 0 0 0
 0 0 0 0 0 0 0 0 0 0 0 0 0 0
 0 0 0 0 0 0 0 0 0 0 0 0 0 0
 0 0 0 0 0 0 0 0 0 0 0 0 0 0
 0 0 0 0 0 0 0 0 0 0 0 0 0 0
 0 0 0 0 0 0 0 0 0 0 0 0 0 0
 0 0 0 0 0 0 0 0 0 0 0 0 0 0
 0 0 0 0 0 0 0 0 0 0 0 0 0 0
 0 0 0 0 0 0 0 0 0 0 0 0 0 0
 0 0 0 0 0 0 0 0 0 0 0 0 0 0
 0 0 0 0 0 0 0 0 0 0 0 0 0 0
 0 0 0 0 0 0 0 0 0 0 0 0 0 0
 0 0 0 0 0 0 0 0 0 0 0 0 0 0
 0 0 0 0 0 0 0 0 0 0 0 0 0 0
 0 0 0 0 0 0 0 0 0 0 0 0 0 0
 0 10 110 305 1063 839 1926 1897 1564 1237 632 239 101 78
 0 269 910 529 1228 1733 1546 1255 994 531 450 163 123 269
 17 242 556 1429 1314 1515 1856 1123 999 545 251 64 42 46
 0 0 36 375 1149 1767 1587 2219 1480 937 333 58 59 1
 0 30 375 1604 1145 1063 1283 1135 1296 944 707 283 61 76
 0 2 269 563 1036 765 1004 1482 1350 1148 932 828 347 274
 0 0 0 0 0 0 0 0 0 0 0 0 0 0
 0 138 588 1148 1775 2614 1314 1072 816 348 127 40 14 6
 26 1547 4915 2049 767 253 244 68 64 27 18 20 4 0
 129 756 2680 2221 1407 733 343 685 418 314 156 89 64 6
 140 817 2880 2579 1827 788 369 322 172 107 0 0 0 0
#Captura a la edad crucero Simulado
 1.3453 51.9523 95.7477 77.3548 54.9644 33.8035 20.4454 11.0858 5.28972 4.5431 2.20563 1.10159 0.939045 0.540721
 5.07044 13.7522 142.669 75.1046 50.3078 35.3345 21.737 13.1552 7.13498 3.40486 2.92435 1.41975 0.709091 0.604459
 4.5848 51.8358 37.774 112.036 48.9372 32.4043 22.7648 14.0124 8.48253 4.6011 2.19573 1.88587 0.915574 0.458499
 8.3031 46.8634 142.279 29.5773 72.6801 31.3765 20.7812 14.6078 8.99401 5.44514 2.95363 1.40953 1.21062 0.587747
 3.3459 84.8659 128.577 111.271 19.1597 46.5281 20.09 13.3133 9.36088 5.764 3.48971 1.89295 0.903353 0.775872
 3.62468 34.1975 232.866 100.55 72.0529 12.2583 29.7687 12.8595 8.52363 5.9936 3.69066 2.23445 1.21205 0.578415
 3.78577 37.045 93.8379 182.02 65.0358 46.0411 7.83289 19.0304 8.22255 5.45056 3.83278 2.3601 1.42889 0.775082
 6.83368 38.6864 101.472 73.0176 117.147 41.3634 29.2913 4.98646 12.1185 5.23665 3.47136 2.44104 1.50311 0.910038
 3.98439 69.8444 106.038 79.1823 47.198 74.8628 26.447 18.7425 3.1918 7.75794 3.35245 2.22235 1.56274 0.962286
 34.1512 40.7214 191.452 82.7284 51.1531 30.1361 47.815 16.9024 11.9821 2.04072 4.96028 2.14351 1.42094 0.999193
 20.1397 349.074 111.741 149.83 53.6484 32.7863 19.3199 30.6714 10.8452 7.68886 1.30956 3.18309 1.37552 0.911837
 29.23 205.728 953.162 86.1409 95.3439 33.7057 20.591 12.1366 19.2701 6.81412 4.83102 0.822816 1.99999 0.864263
 16.1075 298.336 556.784 716.946 53.2778 58.1927 20.5622 12.5641 7.40631 11.76 4.15848 2.94825 0.502145 1.22054
 22.2658 164.376 805.754 416.54 440.776 32.3292 35.3021 12.4781 7.62578 4.49551 7.13821 2.52418 1.78958 0.35846
 15.8881 227.288 445.646 608.846 258.87 270.429 19.8331 21.6665 7.66 4.68165 2.75995 4.38242 1.54969 1.09869
 20.9096 162.121 612.24 331.416 372.279 156.321 163.332 11.9858 13.0975 4.63096 2.83043 1.66862 2.64953 0.936916
 26.7106 213.511 440.26 465.473 207.775 230.573 96.8446 101.252 7.4324 8.12261 2.87204 1.75539 1.03485 1.6432
 36.6801 272.641 576.878 330.312 287.644 126.844 140.805 59.1795 61.892 4.54368 4.96576 1.75583 1.07316 0.632663
 22.581 374.195 731.566 424.895 200.014 172.03 75.8757 84.2772 35.4313 37.0588 2.72067 2.97342 1.05137 0.642595
 18.0014 230.141 993.692 523.284 248.73 115.568 99.3972 43.8615 48.7298 20.4883 21.4299 1.57328 1.71944 0.607973
 15.0737 182.926 589.257 641.275 272.87 127.899 59.4242 51.1357 22.5707 25.078 10.5442 11.0289 0.809688 0.884908
 50.0884 152.907 458.525 357.248 311.314 130.563 61.2105 28.4596 24.4984 10.8145 12.0163 5.05236 5.28458 0.403351
 25.2725 508.408 386.42 284.875 178.232 153.158 64.2682 30.1574 14.0275 12.0768 5.33137 5.92385 2.49075 2.60523
 19.4235 255.953 1248.76 220.169 128.85 79.3875 68.218 28.6427 13.4443 6.25416 5.38458 2.37706 2.64123 1.11053
 14.6669 196.896 636.358 738.028 103.796 59.8242 36.8491 31.6782 13.3036 6.24493 2.90514 2.50122 1.10418 1.22689
 5.93255 148.843 496.154 391.792 364.641 50.5432 29.131 17.9536 15.4385 6.48421 3.04387 1.41601 1.21913 0.538196
 11.6951 60.2369 377.163 310.755 197.542 181.294 25.1344 14.4962 8.93696 7.68585 3.22816 1.5154 0.704965 0.60695
 28.1719 118.773 152.931 237.705 157.88 99.0059 90.9044 12.6132 7.27748 4.48719 3.85915 1.62091 0.760903 0.381185
 23.179 285.977 299.793 94.7681 118.481 77.6294 48.7109 44.766 6.21409 3.58588 2.21109 1.90163 0.798716 0.394435
 8.42902 235.222 719.627 183.88 46.6655 57.5064 37.6775 23.6548 21.7449 3.01875 1.74203 1.07416 0.923821 0.403387
 26.0935 85.6828 604.736 469.836 97.1674 24.314 29.9539 19.6325 12.3281 11.3334 1.5734 0.907961 0.55986 0.481505
 26.4929 266.379 232.068 456.426 292.126 59.662 14.9287 18.4001 12.0626 7.57516 6.96414 0.96682 0.557924 0.37645
 5.74061 270.51 722.459 175.926 285.44 180.45 36.8539 9.22588 11.3737 7.4569 4.68293 4.30522 0.597687 0.377135
 24.0549 58.5939 730.88 541.885 108.673 174.102 110.045 22.4833 5.62944 6.94046 4.55041 2.85767 2.62718 0.388048
 22.1989 245.485 157.915 544.703 332.459 65.8483 105.499 66.7166 13.6341 3.41404 4.20922 2.75972 1.73311 1.59333
 5.58782 226.552 661.652 117.748 334.447 201.657 39.9519 64.0495 40.5165 8.28075 2.07359 2.55657 1.67619 1.05265
 8.09366 57.0238 610.349 492.675 72.178 202.492 122.108 24.205 38.8148 24.5557 5.01881 1.25677 1.5495 1.01591
 14.8334 82.5981 153.609 454.491 302.112 43.7257 122.706 74.0424 14.6816 23.5456 14.8962 3.04458 0.762399 0.939978
 16.7778 151.449 223.391 115.756 282.771 185.835 26.9161 75.6006 45.6374 9.05052 14.5153 9.18325 1.87693 0.470302
 16.2561 171.313 410.163 168.9 72.2586 174.488 114.743 16.6329 46.7355 28.2162 5.59585 8.97475 5.67796 1.16049
#Peso medio a la edad
 0.076 0.185 0.333 0.537 0.719 0.898 1.091 1.286 1.458 1.646 1.84 2.129 2.259 2.916
 0.076 0.185 0.333 0.537 0.719 0.898 1.091 1.286 1.458 1.646 1.84 2.129 2.259 2.916
 0.076 0.185 0.333 0.537 0.719 0.898 1.091 1.286 1.458 1.646 1.84 2.129 2.259 2.916
 0.076 0.185 0.333 0.537 0.719 0.898 1.091 1.286 1.458 1.646 1.84 2.129 2.259 2.916
 0.076 0.185 0.333 0.537 0.719 0.898 1.091 1.286 1.458 1.646 1.84 2.129 2.259 2.916
 0.076 0.185 0.333 0.537 0.719 0.898 1.091 1.286 1.458 1.646 1.84 2.129 2.259 2.916
 0.076 0.185 0.333 0.537 0.719 0.898 1.091 1.286 1.458 1.646 1.84 2.129 2.259 2.916
 0.076 0.185 0.333 0.537 0.719 0.898 1.091 1.286 1.458 1.646 1.84 2.129 2.259 2.916
 0.1 0.191 0.349 0.565 0.804 0.977 1.238 1.552 1.949 2.158 2.378 2.77 2.81 3.734
 0.088 0.2 0.326 0.535 0.758 1.012 1.292 1.615 1.927 2.318 2.622 3.045 3.298 4.753
 0.108 0.221 0.412 0.614 0.756 0.895 1.087 1.202 1.324 1.348 2.109 2.63 2.641 4.753
 0.124 0.185 0.366 0.6 0.818 0.988 1.259 1.518 1.689 1.712 2.069 3.333 2.662 4.753
 0.1 0.217 0.405 0.649 0.942 1.101 1.257 1.448 1.493 1.673 1.714 2.011 2.481 2.862
 0.101 0.163 0.311 0.537 0.728 0.977 1.152 1.346 1.498 1.663 2.018 2.638 2.561 3.995
 0.09 0.218 0.33 0.531 0.773 1.04 1.281 1.425 1.505 1.787 2.161 2.171 2.273 3.995
 0.105 0.169 0.305 0.624 0.866 1.062 1.314 1.515 1.663 1.853 1.922 1.847 1.87 2.515
 0.033 0.226 0.38 0.671 0.833 1.089 1.271 1.47 1.574 1.796 1.839 2.547 2.676 2.796
 0.053 0.177 0.288 0.504 0.66 0.839 1.014 1.101 1.236 1.387 1.362 1.54 1.558 2.265
 0.053 0.183 0.344 0.569 0.751 0.96 1.174 1.334 1.507 1.652 1.816 2.072 2.33 2.427
 0.077 0.167 0.321 0.484 0.65 0.841 1.038 1.215 1.437 1.617 1.979 2.142 2.608 2.745
 0.048 0.143 0.272 0.438 0.597 0.757 0.963 1.198 1.379 1.549 1.698 1.833 1.661 1.995
 0.048 0.183 0.316 0.473 0.677 0.778 1.004 1.079 1.332 1.543 1.716 1.971 2.204 2.665
 0.048 0.187 0.339 0.518 0.67 0.808 0.92 1.132 1.214 1.412 1.514 1.75 2.108 2.351
 0.048 0.134 0.387 0.521 0.673 0.849 0.988 1.119 1.343 1.416 1.671 1.724 1.766 1.716
 0.102 0.2 0.3 0.482 0.632 0.766 0.921 1.115 1.247 1.523 1.634 1.826 2.234 2.267
 0.074 0.205 0.301 0.489 0.556 0.752 0.881 1.02 1.233 1.356 1.551 1.785 1.818 1.758
 0.093 0.191 0.31 0.501 0.644 0.756 0.935 1.167 1.335 1.554 1.52 1.706 1.893 2.455
 0.04 0.157 0.314 0.501 0.704 0.815 1.01 1.196 1.318 1.46 1.608 1.725 2.175 2.223
 0.068 0.191 0.333 0.53 0.704 0.889 1.018 1.302 1.476 1.548 1.694 1.905 1.959 2.444
 0.073 0.179 0.33 0.512 0.675 0.857 1.042 1.252 1.431 1.769 1.86 1.996 2.184 2.802
 0.073 0.179 0.33 0.512 0.675 0.857 1.042 1.252 1.431 1.769 1.86 1.996 2.184 2.802
#Peso medio sim
 0.073 0.179 0.33 0.512 0.675 0.857 1.042 1.252 1.431 1.769 1.86 1.996 2.184 2.802
 0.073 0.179 0.33 0.512 0.675 0.857 1.042 1.252 1.431 1.769 1.86 1.996 2.184 2.802
 0.073 0.179 0.33 0.512 0.675 0.857 1.042 1.252 1.431 1.769 1.86 1.996 2.184 2.802
 0.073 0.179 0.33 0.512 0.675 0.857 1.042 1.252 1.431 1.769 1.86 1.996 2.184 2.802
 0.073 0.179 0.33 0.512 0.675 0.857 1.042 1.252 1.431 1.769 1.86 1.996 2.184 2.802
 0.073 0.179 0.33 0.512 0.675 0.857 1.042 1.252 1.431 1.769 1.86 1.996 2.184 2.802
 0.073 0.179 0.33 0.512 0.675 0.857 1.042 1.252 1.431 1.769 1.86 1.996 2.184 2.802
 0.073 0.179 0.33 0.512 0.675 0.857 1.042 1.252 1.431 1.769 1.86 1.996 2.184 2.802
 0.073 0.179 0.33 0.512 0.675 0.857 1.042 1.252 1.431 1.769 1.86 1.996 2.184 2.802
 0.073 0.179 0.33 0.512 0.675 0.857 1.042 1.252 1.431 1.769 1.86 1.996 2.184 2.802
 0.073 0.179 0.33 0.512 0.675 0.857 1.042 1.252 1.431 1.769 1.86 1.996 2.184 2.802
 0.073 0.179 0.33 0.512 0.675 0.857 1.042 1.252 1.431 1.769 1.86 1.996 2.184 2.802
 0.073 0.179 0.33 0.512 0.675 0.857 1.042 1.252 1.431 1.769 1.86 1.996 2.184 2.802
 0.073 0.179 0.33 0.512 0.675 0.857 1.042 1.252 1.431 1.769 1.86 1.996 2.184 2.802
 0.073 0.179 0.33 0.512 0.675 0.857 1.042 1.252 1.431 1.769 1.86 1.996 2.184 2.802
 0.073 0.179 0.33 0.512 0.675 0.857 1.042 1.252 1.431 1.769 1.86 1.996 2.184 2.802
 0.073 0.179 0.33 0.512 0.675 0.857 1.042 1.252 1.431 1.769 1.86 1.996 2.184 2.802
 0.073 0.179 0.33 0.512 0.675 0.857 1.042 1.252 1.431 1.769 1.86 1.996 2.184 2.802
 0.073 0.179 0.33 0.512 0.675 0.857 1.042 1.252 1.431 1.769 1.86 1.996 2.184 2.802
 0.073 0.179 0.33 0.512 0.675 0.857 1.042 1.252 1.431 1.769 1.86 1.996 2.184 2.802
 0.073 0.179 0.33 0.512 0.675 0.857 1.042 1.252 1.431 1.769 1.86 1.996 2.184 2.802
 0.073 0.179 0.33 0.512 0.675 0.857 1.042 1.252 1.431 1.769 1.86 1.996 2.184 2.802
 0.073 0.179 0.33 0.512 0.675 0.857 1.042 1.252 1.431 1.769 1.86 1.996 2.184 2.802
 0.073 0.179 0.33 0.512 0.675 0.857 1.042 1.252 1.431 1.769 1.86 1.996 2.184 2.802
 0.073 0.179 0.33 0.512 0.675 0.857 1.042 1.252 1.431 1.769 1.86 1.996 2.184 2.802
 0.073 0.179 0.33 0.512 0.675 0.857 1.042 1.252 1.431 1.769 1.86 1.996 2.184 2.802
 0.073 0.179 0.33 0.512 0.675 0.857 1.042 1.252 1.431 1.769 1.86 1.996 2.184 2.802
 0.073 0.179 0.33 0.512 0.675 0.857 1.042 1.252 1.431 1.769 1.86 1.996 2.184 2.802
 0.073 0.179 0.33 0.512 0.675 0.857 1.042 1.252 1.431 1.769 1.86 1.996 2.184 2.802
 0.073 0.179 0.33 0.512 0.675 0.857 1.042 1.252 1.431 1.769 1.86 1.996 2.184 2.802
 0.073 0.179 0.33 0.512 0.675 0.857 1.042 1.252 1.431 1.769 1.86 1.996 2.184 2.802
 0.073 0.179 0.33 0.512 0.675 0.857 1.042 1.252 1.431 1.769 1.86 1.996 2.184 2.802
 0.073 0.179 0.33 0.512 0.675 0.857 1.042 1.252 1.431 1.769 1.86 1.996 2.184 2.802
 0.073 0.179 0.33 0.512 0.675 0.857 1.042 1.252 1.431 1.769 1.86 1.996 2.184 2.802
 0.073 0.179 0.33 0.512 0.675 0.857 1.042 1.252 1.431 1.769 1.86 1.996 2.184 2.802
 0.073 0.179 0.33 0.512 0.675 0.857 1.042 1.252 1.431 1.769 1.86 1.996 2.184 2.802
 0.073 0.179 0.33 0.512 0.675 0.857 1.042 1.252 1.431 1.769 1.86 1.996 2.184 2.802
 0.073 0.179 0.33 0.512 0.675 0.857 1.042 1.252 1.431 1.769 1.86 1.996 2.184 2.802
 0.073 0.179 0.33 0.512 0.675 0.857 1.042 1.252 1.431 1.769 1.86 1.996 2.184 2.802
 0.073 0.179 0.33 0.512 0.675 0.857 1.042 1.252 1.431 1.769 1.86 1.996 2.184 2.802
#Peso inicial a la edad
 0.048 0.119 0.249 0.423 0.622 0.804 0.99 1.185 1.369 1.549 1.74 1.979 2.193 2.566
 0.048 0.119 0.249 0.423 0.622 0.804 0.99 1.185 1.369 1.549 1.74 1.979 2.193 2.566
 0.048 0.119 0.249 0.423 0.622 0.804 0.99 1.185 1.369 1.549 1.74 1.979 2.193 2.566
 0.048 0.119 0.249 0.423 0.622 0.804 0.99 1.185 1.369 1.549 1.74 1.979 2.193 2.566
 0.048 0.119 0.249 0.423 0.622 0.804 0.99 1.185 1.369 1.549 1.74 1.979 2.193 2.566
 0.048 0.119 0.249 0.423 0.622 0.804 0.99 1.185 1.369 1.549 1.74 1.979 2.193 2.566
 0.048 0.119 0.249 0.423 0.622 0.804 0.99 1.185 1.369 1.549 1.74 1.979 2.193 2.566
 0.048 0.119 0.249 0.423 0.622 0.804 0.99 1.185 1.369 1.549 1.74 1.979 2.193 2.566
 0.071 0.12 0.254 0.434 0.657 0.838 1.055 1.301 1.583 1.774 1.979 2.257 2.446 2.904
 0.056 0.141 0.25 0.432 0.654 0.902 1.123 1.414 1.729 2.126 2.379 2.691 3.022 3.655
 0.083 0.14 0.287 0.447 0.636 0.824 1.049 1.246 1.463 1.612 2.211 2.626 2.836 3.959
 0.093 0.142 0.284 0.497 0.709 0.864 1.061 1.284 1.425 1.506 1.67 2.651 2.646 3.543
 0.078 0.164 0.274 0.487 0.752 0.949 1.114 1.35 1.505 1.681 1.713 2.04 2.876 2.76
 0.068 0.128 0.26 0.467 0.688 0.959 1.126 1.3 1.473 1.575 1.837 2.126 2.269 3.148
 0.066 0.148 0.232 0.406 0.645 0.87 1.119 1.281 1.423 1.636 1.895 2.093 2.448 3.198
 0.072 0.124 0.258 0.454 0.678 0.906 1.169 1.393 1.539 1.67 1.854 1.998 2.015 2.391
 0.014 0.154 0.254 0.453 0.721 0.971 1.162 1.39 1.544 1.728 1.846 2.213 2.223 2.287
 0.029 0.077 0.255 0.438 0.665 0.836 1.051 1.183 1.348 1.477 1.564 1.683 1.992 2.462
 0.03 0.099 0.247 0.405 0.615 0.796 0.992 1.163 1.288 1.429 1.587 1.68 1.894 1.945
 0.056 0.094 0.242 0.408 0.608 0.794 0.998 1.194 1.385 1.561 1.808 1.972 2.325 2.529
 0.024 0.104 0.213 0.375 0.538 0.701 0.9 1.115 1.295 1.492 1.657 1.905 1.886 2.281
 0.024 0.093 0.212 0.359 0.544 0.682 0.872 1.019 1.263 1.459 1.63 1.829 2.01 2.104
 0.028 0.094 0.249 0.404 0.563 0.74 0.846 1.066 1.144 1.371 1.529 1.733 2.038 2.276
 0.023 0.08 0.269 0.42 0.59 0.754 0.893 1.015 1.233 1.311 1.536 1.616 1.758 1.902
 0.072 0.097 0.201 0.431 0.574 0.718 0.884 1.049 1.181 1.43 1.521 1.747 1.963 2.001
 0.046 0.144 0.245 0.383 0.518 0.69 0.821 0.969 1.172 1.3 1.537 1.708 1.822 1.981
 0.071 0.119 0.252 0.388 0.561 0.649 0.839 1.014 1.167 1.384 1.436 1.626 1.838 2.113
 0.018 0.12 0.245 0.394 0.594 0.724 0.874 1.057 1.24 1.396 1.581 1.619 1.926 2.051
 0.041 0.087 0.229 0.408 0.594 0.791 0.911 1.147 1.329 1.428 1.572 1.75 1.838 2.306
 0.046 0.11 0.251 0.413 0.599 0.777 0.963 1.129 1.365 1.616 1.697 1.838 2.039 2.343
 0.046 0.114 0.243 0.411 0.588 0.761 0.945 1.142 1.338 1.591 1.814 1.927 2.088 2.473
#Peso inicial sim
 0.046 0.114 0.243 0.411 0.588 0.761 0.945 1.142 1.338 1.591 1.814 1.927 2.088 2.473
 0.046 0.114 0.243 0.411 0.588 0.761 0.945 1.142 1.338 1.591 1.814 1.927 2.088 2.473
 0.046 0.114 0.243 0.411 0.588 0.761 0.945 1.142 1.338 1.591 1.814 1.927 2.088 2.473
 0.046 0.114 0.243 0.411 0.588 0.761 0.945 1.142 1.338 1.591 1.814 1.927 2.088 2.473
 0.046 0.114 0.243 0.411 0.588 0.761 0.945 1.142 1.338 1.591 1.814 1.927 2.088 2.473
 0.046 0.114 0.243 0.411 0.588 0.761 0.945 1.142 1.338 1.591 1.814 1.927 2.088 2.473
 0.046 0.114 0.243 0.411 0.588 0.761 0.945 1.142 1.338 1.591 1.814 1.927 2.088 2.473
 0.046 0.114 0.243 0.411 0.588 0.761 0.945 1.142 1.338 1.591 1.814 1.927 2.088 2.473
 0.046 0.114 0.243 0.411 0.588 0.761 0.945 1.142 1.338 1.591 1.814 1.927 2.088 2.473
 0.046 0.114 0.243 0.411 0.588 0.761 0.945 1.142 1.338 1.591 1.814 1.927 2.088 2.473
 0.046 0.114 0.243 0.411 0.588 0.761 0.945 1.142 1.338 1.591 1.814 1.927 2.088 2.473
 0.046 0.114 0.243 0.411 0.588 0.761 0.945 1.142 1.338 1.591 1.814 1.927 2.088 2.473
 0.046 0.114 0.243 0.411 0.588 0.761 0.945 1.142 1.338 1.591 1.814 1.927 2.088 2.473
 0.046 0.114 0.243 0.411 0.588 0.761 0.945 1.142 1.338 1.591 1.814 1.927 2.088 2.473
 0.046 0.114 0.243 0.411 0.588 0.761 0.945 1.142 1.338 1.591 1.814 1.927 2.088 2.473
 0.046 0.114 0.243 0.411 0.588 0.761 0.945 1.142 1.338 1.591 1.814 1.927 2.088 2.473
 0.046 0.114 0.243 0.411 0.588 0.761 0.945 1.142 1.338 1.591 1.814 1.927 2.088 2.473
 0.046 0.114 0.243 0.411 0.588 0.761 0.945 1.142 1.338 1.591 1.814 1.927 2.088 2.473
 0.046 0.114 0.243 0.411 0.588 0.761 0.945 1.142 1.338 1.591 1.814 1.927 2.088 2.473
 0.046 0.114 0.243 0.411 0.588 0.761 0.945 1.142 1.338 1.591 1.814 1.927 2.088 2.473
 0.046 0.114 0.243 0.411 0.588 0.761 0.945 1.142 1.338 1.591 1.814 1.927 2.088 2.473
 0.046 0.114 0.243 0.411 0.588 0.761 0.945 1.142 1.338 1.591 1.814 1.927 2.088 2.473
 0.046 0.114 0.243 0.411 0.588 0.761 0.945 1.142 1.338 1.591 1.814 1.927 2.088 2.473
 0.046 0.114 0.243 0.411 0.588 0.761 0.945 1.142 1.338 1.591 1.814 1.927 2.088 2.473
 0.046 0.114 0.243 0.411 0.588 0.761 0.945 1.142 1.338 1.591 1.814 1.927 2.088 2.473
 0.046 0.114 0.243 0.411 0.588 0.761 0.945 1.142 1.338 1.591 1.814 1.927 2.088 2.473
 0.046 0.114 0.243 0.411 0.588 0.761 0.945 1.142 1.338 1.591 1.814 1.927 2.088 2.473
 0.046 0.114 0.243 0.411 0.588 0.761 0.945 1.142 1.338 1.591 1.814 1.927 2.088 2.473
 0.046 0.114 0.243 0.411 0.588 0.761 0.945 1.142 1.338 1.591 1.814 1.927 2.088 2.473
 0.046 0.114 0.243 0.411 0.588 0.761 0.945 1.142 1.338 1.591 1.814 1.927 2.088 2.473
 0.046 0.114 0.243 0.411 0.588 0.761 0.945 1.142 1.338 1.591 1.814 1.927 2.088 2.473
 0.046 0.114 0.243 0.411 0.588 0.761 0.945 1.142 1.338 1.591 1.814 1.927 2.088 2.473
 0.046 0.114 0.243 0.411 0.588 0.761 0.945 1.142 1.338 1.591 1.814 1.927 2.088 2.473
 0.046 0.114 0.243 0.411 0.588 0.761 0.945 1.142 1.338 1.591 1.814 1.927 2.088 2.473
 0.046 0.114 0.243 0.411 0.588 0.761 0.945 1.142 1.338 1.591 1.814 1.927 2.088 2.473
 0.046 0.114 0.243 0.411 0.588 0.761 0.945 1.142 1.338 1.591 1.814 1.927 2.088 2.473
 0.046 0.114 0.243 0.411 0.588 0.761 0.945 1.142 1.338 1.591 1.814 1.927 2.088 2.473
 0.046 0.114 0.243 0.411 0.588 0.761 0.945 1.142 1.338 1.591 1.814 1.927 2.088 2.473
 0.046 0.114 0.243 0.411 0.588 0.761 0.945 1.142 1.338 1.591 1.814 1.927 2.088 2.473
 0.046 0.114 0.243 0.411 0.588 0.761 0.945 1.142 1.338 1.591 1.814 1.927 2.088 2.473
#Peso cerco a la edad
 0.066 0.187 0.254 0.351 0.484 0.574 0.716 0.802 0.99 0.926 0.785 0.806 0 0
 0.066 0.187 0.254 0.351 0.484 0.574 0.716 0.802 0.99 0.926 0.785 0.806 0 0
 0.066 0.187 0.254 0.351 0.484 0.574 0.716 0.802 0.99 0.926 0.785 0.806 0 0
 0.066 0.187 0.254 0.351 0.484 0.574 0.716 0.802 0.99 0.926 0.785 0.806 0 0
 0.066 0.187 0.254 0.351 0.484 0.574 0.716 0.802 0.99 0.926 0.785 0.806 0 0
 0.066 0.187 0.254 0.351 0.484 0.574 0.716 0.802 0.99 0.926 0.785 0.806 0 0
 0.066 0.187 0.254 0.351 0.484 0.574 0.716 0.802 0.99 0.926 0.785 0.806 0 0
 0.066 0.187 0.254 0.351 0.484 0.574 0.716 0.802 0.99 0.926 0.785 0.806 0 0
 0.066 0.187 0.254 0.351 0.484 0.574 0.716 0.802 0.99 0.926 0.785 0.806 0 0
 0.066 0.187 0.254 0.351 0.484 0.574 0.716 0.802 0.99 0.926 0.785 0.806 0 0
 0.066 0.187 0.254 0.351 0.484 0.574 0.716 0.802 0.99 0.926 0.785 0.806 0 0
 0.066 0.187 0.254 0.351 0.484 0.574 0.716 0.802 0.99 0.926 0.785 0.806 0 0
 0.066 0.187 0.254 0.351 0.484 0.574 0.716 0.802 0.99 0.926 0.785 0.806 0 0
 0.066 0.187 0.254 0.351 0.484 0.574 0.716 0.802 0.99 0.926 0.785 0.806 0 0
 0.066 0.187 0.254 0.351 0.484 0.574 0.716 0.802 0.99 0.926 0.785 0.806 0 0
 0.066 0.187 0.254 0.351 0.484 0.574 0.716 0.802 0.99 0.926 0.785 0.806 0 0
 0.066 0.187 0.254 0.351 0.484 0.574 0.716 0.802 0.99 0.926 0.785 0.806 0 0
 0.077 0.177 0.243 0.356 0.51 0.567 0.709 0.801 0.998 1.209 1.308 1.344 0 0
 0.077 0.177 0.243 0.356 0.51 0.567 0.709 0.801 0.998 1.209 1.308 1.344 0 0
 0.077 0.177 0.243 0.356 0.51 0.567 0.709 0.801 0.998 1.209 1.308 1.344 0 0
 0.101 0.184 0.246 0.313 0.439 0.581 0.701 0.707 0.883 0 0 0 0 0
 0 0.22 0.294 0.373 0.453 0.588 0.754 0.899 1.074 1.002 0 0 0 0
 0.066 0.187 0.254 0.351 0.484 0.574 0.716 0.802 0.99 0.926 0.785 0.806 0 0
 0.066 0.187 0.254 0.351 0.484 0.574 0.716 0.802 0.99 0.926 0.785 0.806 0 0
 0.066 0.187 0.254 0.351 0.484 0.574 0.716 0.802 0.99 0.926 0.785 0.806 0 0
 0.066 0.187 0.254 0.351 0.484 0.574 0.716 0.802 0.99 0.926 0.785 0.806 0 0
 0.066 0.187 0.254 0.351 0.484 0.574 0.716 0.802 0.99 0.926 0.785 0.806 0 0
 0.0664 0.187 0.2538 0.3508 0.4844 0.574 0.7164 0.8018 0.9902 0.9258 0.7848 0.8064 0 0
 0.0664 0.187 0.2538 0.3508 0.4844 0.574 0.7164 0.8018 0.9902 0.9258 0.7848 0.8064 0 0
 0.066 0.187 0.254 0.351 0.484 0.574 0.716 0.802 0.99 0.926 0.785 0.806 0 0
 0.066 0.187 0.254 0.351 0.484 0.574 0.716 0.802 0.99 0.926 0.785 0.806 0 0
#Peso cerco sim
 0.066 0.187 0.254 0.351 0.484 0.574 0.716 0.802 0.99 0.926 0.785 0.806 0 0
 0.066 0.187 0.254 0.351 0.484 0.574 0.716 0.802 0.99 0.926 0.785 0.806 0 0
 0.066 0.187 0.254 0.351 0.484 0.574 0.716 0.802 0.99 0.926 0.785 0.806 0 0
 0.066 0.187 0.254 0.351 0.484 0.574 0.716 0.802 0.99 0.926 0.785 0.806 0 0
 0.066 0.187 0.254 0.351 0.484 0.574 0.716 0.802 0.99 0.926 0.785 0.806 0 0
 0.066 0.187 0.254 0.351 0.484 0.574 0.716 0.802 0.99 0.926 0.785 0.806 0 0
 0.066 0.187 0.254 0.351 0.484 0.574 0.716 0.802 0.99 0.926 0.785 0.806 0 0
 0.066 0.187 0.254 0.351 0.484 0.574 0.716 0.802 0.99 0.926 0.785 0.806 0 0
 0.066 0.187 0.254 0.351 0.484 0.574 0.716 0.802 0.99 0.926 0.785 0.806 0 0
 0.066 0.187 0.254 0.351 0.484 0.574 0.716 0.802 0.99 0.926 0.785 0.806 0 0
 0.066 0.187 0.254 0.351 0.484 0.574 0.716 0.802 0.99 0.926 0.785 0.806 0 0
 0.066 0.187 0.254 0.351 0.484 0.574 0.716 0.802 0.99 0.926 0.785 0.806 0 0
 0.066 0.187 0.254 0.351 0.484 0.574 0.716 0.802 0.99 0.926 0.785 0.806 0 0
 0.066 0.187 0.254 0.351 0.484 0.574 0.716 0.802 0.99 0.926 0.785 0.806 0 0
 0.066 0.187 0.254 0.351 0.484 0.574 0.716 0.802 0.99 0.926 0.785 0.806 0 0
 0.066 0.187 0.254 0.351 0.484 0.574 0.716 0.802 0.99 0.926 0.785 0.806 0 0
 0.066 0.187 0.254 0.351 0.484 0.574 0.716 0.802 0.99 0.926 0.785 0.806 0 0
 0.066 0.187 0.254 0.351 0.484 0.574 0.716 0.802 0.99 0.926 0.785 0.806 0 0
 0.066 0.187 0.254 0.351 0.484 0.574 0.716 0.802 0.99 0.926 0.785 0.806 0 0
 0.066 0.187 0.254 0.351 0.484 0.574 0.716 0.802 0.99 0.926 0.785 0.806 0 0
 0.066 0.187 0.254 0.351 0.484 0.574 0.716 0.802 0.99 0.926 0.785 0.806 0 0
 0.066 0.187 0.254 0.351 0.484 0.574 0.716 0.802 0.99 0.926 0.785 0.806 0 0
 0.066 0.187 0.254 0.351 0.484 0.574 0.716 0.802 0.99 0.926 0.785 0.806 0 0
 0.066 0.187 0.254 0.351 0.484 0.574 0.716 0.802 0.99 0.926 0.785 0.806 0 0
 0.066 0.187 0.254 0.351 0.484 0.574 0.716 0.802 0.99 0.926 0.785 0.806 0 0
 0.066 0.187 0.254 0.351 0.484 0.574 0.716 0.802 0.99 0.926 0.785 0.806 0 0
 0.066 0.187 0.254 0.351 0.484 0.574 0.716 0.802 0.99 0.926 0.785 0.806 0 0
 0.066 0.187 0.254 0.351 0.484 0.574 0.716 0.802 0.99 0.926 0.785 0.806 0 0
 0.066 0.187 0.254 0.351 0.484 0.574 0.716 0.802 0.99 0.926 0.785 0.806 0 0
 0.066 0.187 0.254 0.351 0.484 0.574 0.716 0.802 0.99 0.926 0.785 0.806 0 0
 0.066 0.187 0.254 0.351 0.484 0.574 0.716 0.802 0.99 0.926 0.785 0.806 0 0
 0.066 0.187 0.254 0.351 0.484 0.574 0.716 0.802 0.99 0.926 0.785 0.806 0 0
 0.066 0.187 0.254 0.351 0.484 0.574 0.716 0.802 0.99 0.926 0.785 0.806 0 0
 0.066 0.187 0.254 0.351 0.484 0.574 0.716 0.802 0.99 0.926 0.785 0.806 0 0
 0.066 0.187 0.254 0.351 0.484 0.574 0.716 0.802 0.99 0.926 0.785 0.806 0 0
 0.066 0.187 0.254 0.351 0.484 0.574 0.716 0.802 0.99 0.926 0.785 0.806 0 0
 0.066 0.187 0.254 0.351 0.484 0.574 0.716 0.802 0.99 0.926 0.785 0.806 0 0
 0.066 0.187 0.254 0.351 0.484 0.574 0.716 0.802 0.99 0.926 0.785 0.806 0 0
 0.066 0.187 0.254 0.351 0.484 0.574 0.716 0.802 0.99 0.926 0.785 0.806 0 0
 0.066 0.187 0.254 0.351 0.484 0.574 0.716 0.802 0.99 0.926 0.785 0.806 0 0
