#	number	of	years
31																									
#	number	of	ages	classes
14	
#	number	of	length	intervals
31
#	Abundance	indexes	&	landings						
# (HB= acoustic survey, ST= southern trawl, CT= central trawl, PS= purse seine, Y=landings, cv= coeff. of variation)
#Yr		HB		cv		CPUEst	cv	CPUEps	cv	Yps		cv		Yst		cv		Yct		cv			
1980	0.00	0.05	0.221	0.4	0.000	0.1	0.001	0.05	18.36	0.05	0.001	0.05
1981	0.00	0.05	0.203	0.4	0.000	0.1	0.001	0.05	23.67	0.05	0.001	0.05
1982	0.00	0.05	0.118	0.4	0.000	0.1	0.001	0.05	18.24	0.05	0.001	0.05
1983	0.00	0.05	0.178	0.4	0.000	0.1	0.001	0.05	22.44	0.05	0.001	0.05
1984	0.00	0.05	0.062	0.4	0.000	0.1	0.001	0.05	26.79	0.05	0.001	0.05
1985	0.00	0.05	0.068	0.4	0.000	0.1	0.001	0.05	18.72	0.05	0.001	0.05
1986	0.00	0.05	0.071	0.4	0.000	0.1	0.001	0.05	37.08	0.05	0.001	0.05
1987	0.00	0.05	0.054	0.4	0.000	0.1	114.56	0.05	17.28	0.05	0.001	0.05
1988	0.00	0.05	0.048	0.4	171.39	0.1	191.81	0.05	19.82	0.05	0.001	0.05
1989	0.00	0.05	0.044	0.4	157.85	0.1	207.21	0.05	20.18	0.05	0.001	0.05
1990	0.00	0.05	0.043	0.4	120.29	0.1	107.33	0.05	20.68	0.05	0.001	0.05
1991	0.00	0.05	0.075	0.4	133.59	0.1	149.6	0.05	15.08	0.05	0.001	0.05
1992	0.00	0.05	0.056	0.4	132.15	0.1	196.67	0.05	17.66	0.05	0.001	0.05
1993	0.00	0.05	0.045	0.4	90.02	0.1	70.95	0.05	11.63	0.05	0.001	0.05
1994	0.00	0.05	0.032	0.4	115.57	0.1	68.59	0.05	12.72	0.05	0.001	0.05
1995	0.00	0.05	0.055	0.4	114.63	0.1	192.29	0.05	14.44	0.05	0.001	0.05
1996	0.00	0.05	0.045	0.4	109.67	0.1	360.08	0.05	15.37	0.05	0.001	0.05	
1997	0.00	0.05	0.058	0.4	76.54	0.1	60.2	0.05	11.28	0.05	0.001	0.05
1998	0.00	0.05	0.104	0.4	84.48	0.1	336.81	0.05	17.38	0.05	0.001	0.05
1999	0.00	0.05	0.166	0.4	124.23	0.1	285.9	0.05	24.0	0.05	0.001	0.05
2000	501.3	0.05	0.179	0.4	142.2	0.1	74.0	0.05	17.34	0.05	0.001	0.05
2001	577.9	0.05	0.384	0.4	128.87	0.1	123.29	0.05	31.2	0.05	7.59	0.05
2002	433.7	0.05	1.000	0.3	95.01	0.1	78.81	0.05	34.52	0.05	24.15	0.05
2003	245.6	0.05	0.736	0.3	0.00	0.1	4.02	0.05	33.89	0.05	44.98	0.05
2004	188.0	0.05	0.649	0.3	0.00	0.1	3.15	0.05	47.63	0.05	17.3	0.05
2005	145.1	0.05	0.522	0.3	0.00	0.1	5.21	0.05	45.56	0.05	28.0	0.05
2006	0.000	0.05	0.549	0.3	0.00	0.1	0.05	0.05	42.82	0.05	29.77	0.05
2007	163.2	0.05	0.459	0.3	0.00	0.1	0.02	0.05	40.71	0.05	22.96	0.05
2008	231.2	0.05	0.751	0.3	0.00	0.1	0.001	0.05	56.6	0.05	16.85	0.05
2009	251.5	0.05	0.628	0.3	0.00	0.1	0.001	0.05	66.74	0.05	11.7	0.05
2010	208.3	0.05	0.00	0.3	0.00	0.1	0.001	0.05	54.46	0.05	9.54	0.05
#	Ages	classes
1	2	3	4	5	6	7	8	9	10	11	12	13	14
#	Length	classes
20	22	24	26	28	30	32	34	36	38	40	42	44	46	48	50	52	54	56	58	60	62	64	66	68	70	72	74	76	78	80
#	Catch-at-age	Purse	seine						
#1	2	3	4	5	6	7	8	9	10	11	12	13	14
0	0	0	0	0	0	0	0	0	0	0	0	0	0
0	0	0	0	0	0	0	0	0	0	0	0	0	0
0	0	0	0	0	0	0	0	0	0	0	0	0	0
0	0	0	0	0	0	0	0	0	0	0	0	0	0
0	0	0	0	0	0	0	0	0	0	0	0	0	0
0	0	0	0	0	0	0	0	0	0	0	0	0	0
0	0	0	0	0	0	0	0	0	0	0	0	0	0
0	0	0	0	0	0	0	0	0	0	0	0	0	0
0	0	0	0	0	0	0	0	0	0	0	0	0	0
0	0	0	0	0	0	0	0	0	0	0	0	0	0
0	0	0	0	0	0	0	0	0	0	0	0	0	0
0	0	0	0	0	0	0	0	0	0	0	0	0	0
0	0	0	0	0	0	0	0	0	0	0	0	0	0
0	0	0	0	0	0	0	0	0	0	0	0	0	0
0	0	0	0	0	0	0	0	0	0	0	0	0	0
0	0	0	0	0	0	0	0	0	0	0	0	0	0
0	0	0	0	0	0	0	0	0	0	0	0	0	0
0	84932	18908	7177	769	822	293	103	0	0	0	0	0	0
0	18119	609030	43945	93427	20262	7052	3237	334	301	138	60	0	0
343	93079	191960	205500	70608	74436	15843	7088	2015	583	240	50	0	0
1368	160030	152850	12486	4597	944	207	182	453	0	0	17	0	0
0	36162	173140	76494	16363	11367	5005	2677	299	423	0	0	0	0
0	0	0	0	0	0	0	0	0	0	0	0	0	0
0	0	0	0	0	0	0	0	0	0	0	0	0	0
0	0	0	0	0	0	0	0	0	0	0	0	0	0
0	0	0	0	0	0	0	0	0	0	0	0	0	0
0	0	0	0	0	0	0	0	0	0	0	0	0	0
0	0	0	0	0	0	0	0	0	0	0	0	0	0
0	0	0	0	0	0	0	0	0	0	0	0	0	0
0	0	0	0	0	0	0	0	0	0	0	0	0	0
0	0	0	0	0	0	0	0	0	0	0	0	0	0
#	Catch-at-length	Purse	seine
#20	22	24	26	28	30	32	34	36	38	40	42	44	46	48	50	52	54	56	58	60	62	64	66	68	70	72	74	76	78	80
0	0	0	0	0	0	0	0	0	0	0	0	0	0	0	0	0	0	0	0	0	0	0	0	0	0	0	0	0	0	0
0	0	0	0	0	0	0	0	0	0	0	0	0	0	0	0	0	0	0	0	0	0	0	0	0	0	0	0	0	0	0
0	0	0	0	0	0	0	0	0	0	0	0	0	0	0	0	0	0	0	0	0	0	0	0	0	0	0	0	0	0	0
0	0	0	0	0	0	0	0	0	0	0	0	0	0	0	0	0	0	0	0	0	0	0	0	0	0	0	0	0	0	0
0	0	0	0	0	0	0	0	0	0	0	0	0	0	0	0	0	0	0	0	0	0	0	0	0	0	0	0	0	0	0
0	0	0	0	0	0	0	0	0	0	0	0	0	0	0	0	0	0	0	0	0	0	0	0	0	0	0	0	0	0	0
0	0	0	0	0	0	0	0	0	0	0	0	0	0	0	0	0	0	0	0	0	0	0	0	0	0	0	0	0	0	0
0	0	0	0	0	0	0	0	0	0	0	0	0	0	0	0	0	0	0	0	0	0	0	0	0	0	0	0	0	0	0
0	0	0	0	541	0	1043	4399	8944	11648	43824	90109	137190	111320	78401	56587	43204	30532	13357	12108	14664	8442	2461	1421	1521	0	149	541	0	0	0
0	0	0	0	0	0	0	0	0	0	0	0	0	0	0	0	0	0	0	0	0	0	0	0	0	0	0	0	0	0	0
0	0	0	0	0	0	0	0	0	0	0	0	0	0	0	0	0	0	0	0	0	0	0	0	0	0	0	0	0	0	0
0	0	0	0	0	0	0	0	0	0	0	0	0	0	0	0	0	0	0	0	0	0	0	0	0	0	0	0	0	0	0
0	0	0	0	0	0	0	0	0	0	0	0	0	0	0	0	0	0	0	0	0	0	0	0	0	0	0	0	0	0	0
0	0	0	0	0	0	0	0	0	0	0	0	0	0	0	0	0	0	0	0	0	0	0	0	0	0	0	0	0	0	0
0	0	0	0	0	0	0	0	0	0	0	0	0	0	0	0	0	0	0	0	0	0	0	0	0	0	0	0	0	0	0
0	0	0	0	0	0	0	0	0	0	0	0	0	0	0	0	0	0	0	0	0	0	0	0	0	0	0	0	0	0	0
0	53	53	668	1848	3234	4166	4204	2172	1695	11467	62695	99983	101050	98541	70869	67462	64590	52083	34423	20027	8910	4003	2668	2153	1119	172	86	861	0	0
0	0	0	0	0	0	0	0	0	0	0	0	0	0	0	0	0	0	0	0	0	0	0	0	0	0	0	0	0	0	0
0	0	0	0	0	0	0	0	0	0	0	0	0	0	0	0	0	0	0	0	0	0	0	0	0	0	0	0	0	0	0
0	0	0	0	0	0	0	0	0	0	0	0	0	0	0	0	0	0	0	0	0	0	0	0	0	0	0	0	0	0	0
0	0	0	0	0	0	0	0	0	0	0	0	0	0	0	0	0	0	0	0	0	0	0	0	0	0	0	0	0	0	0
0	0	0	0	0	0	0	0	0	0	0	0	0	0	0	0	0	0	0	0	0	0	0	0	0	0	0	0	0	0	0
0	0	0	0	0	0	0	0	0	0	0	0	0	0	0	0	0	0	0	0	0	0	0	0	0	0	0	0	0	0	0
0	0	0	0	0	0	0	0	0	0	0	0	0	0	0	0	0	0	0	0	0	0	0	0	0	0	0	0	0	0	0
0	0	0	0	0	0	0	0	0	0	0	0	0	0	0	0	0	0	0	0	0	0	0	0	0	0	0	0	0	0	0
0	0	0	0	0	0	0	0	0	0	0	0	0	0	0	0	0	0	0	0	0	0	0	0	0	0	0	0	0	0	0
0	0	0	0	0	0	0	0	0	0	0	0	0	0	0	0	0	0	0	0	0	0	0	0	0	0	0	0	0	0	0
0	0	0	0	0	0	0	0	0	0	0	0	0	0	0	0	0	0	0	0	0	0	0	0	0	0	0	0	0	0	0
0	0	0	0	0	0	0	0	0	0	0	0	0	0	0	0	0	0	0	0	0	0	0	0	0	0	0	0	0	0	0
0	0	0	0	0	0	0	0	0	0	0	0	0	0	0	0	0	0	0	0	0	0	0	0	0	0	0	0	0	0	0
0	0	0	0	0	0	0	0	0	0	0	0	0	0	0	0	0	0	0	0	0	0	0	0	0	0	0	0	0	0	0
#	Catch-at-age:	Southern-area	trawl
#1	2	3	4	5	6	7	8	9	10	11	12	13	14																	
0	0	0	0	0	0	0	0	0	0	0	0	0	0																	
0	0	0	0	0	0	0	0	0	0	0	0	0	0																	
0	0	0	0	0	0	0	0	0	0	0	0	0	0																	
0	0	0	0	0	0	0	0	0	0	0	0	0	0																	
0	0	0	0	0	0	0	0	0	0	0	0	0	0																	
0	0	0	0	0	0	0	0	0	0	0	0	0	0																	
0	0	0	0	0	0	0	0	0	0	0	0	0	0																	
0	0	0	0	0	0	0	0	0	0	0	0	0	0																	
16	1999	8496	9066	19724	33462	16359	6545	2496	1079	480	186	81	12
84	703	3364	16904	15720	30051	20831	7612	3032	1141	424	97	34	2
107	3099	4664	12246	20162	20000	15825	13887	6469	2768	526	116	130	0
264	2313	3699	7936	18081	30690	14783	9645	6872	3876	1543	116	182	0
77	1863	3010	8063	19844	21207	20884	12838	7388	2658	1604	476	38	50
302	4406	11399	11470	11442	12073	14518	14267	11950	4423	2612	699	366	74
7	981	9303	11199	14405	11197	13612	14811	12441	7556	2702	1379	368	39
22	2669	1596	10211	16379	12365	13979	15126	12638	9225	3609	798	686	697
1342	4159	5330	10343	15809	15708	21612	14660	6894	2588	1137	188	145	84
6	2093	3011	16355	7646	12778	13800	11772	10967	9631	6470	3078	1836	559
0	137	1981	7183	39832	17389	12314	8490	6908	2864	2024	514	171	194
7	128	483	11897	11407	30470	14897	15476	7435	4415	2220	703	283	180
103	7208	10091	7703	21610	12815	16810	9803	6373	4108	1935	630	428	383
0	1879	7398	8906	14383	24260	12746	14592	7809	3734	2591	1066	425	213
0	525	2406	8395	12289	14155	22695	13866	16364	5721	2219	989	290	87
0	389	4832	11155	20303	14480	14631	16434	10811	4891	1352	406	302	14
24	752	9251	8967	9231	16526	16594	13483	14860	5913	2724	1330	96	249
29	1701	3032	16497	16820	14224	18673	12461	6771	5532	2305	1296	432	226
32	2503	8403	8567	22964	19776	11749	12995	7157	2483	2152	780	285	156
5	3048	13477	16794	14666	19915	12278	7737	7753	1991	1175	793	235	132
0	1851	16110	25750	18527	8800	10848	6411	5688	3204	1452	892	254	213
71	1566	14689	25528	24414	13172	7696	6156	3199	1953	747	492	190	129
0	0	0	0	0	0	0	0	0	0	0	0	0	0								
#	Catch-at-age:	Central-area	trawl
#1	2	3	4	5	6	7	8	9	10	11	12	13	14																	
0	0	0	0	0	0	0	0	0	0	0	0	0	0
0	0	0	0	0	0	0	0	0	0	0	0	0	0																	
0	0	0	0	0	0	0	0	0	0	0	0	0	0																	
0	0	0	0	0	0	0	0	0	0	0	0	0	0																	
0	0	0	0	0	0	0	0	0	0	0	0	0	0																	
0	0	0	0	0	0	0	0	0	0	0	0	0	0																	
0	0	0	0	0	0	0	0	0	0	0	0	0	0																	
0	0	0	0	0	0	0	0	0	0	0	0	0	0																	
0	0	0	0	0	0	0	0	0	0	0	0	0	0																	
0	0	0	0	0	0	0	0	0	0	0	0	0	0																	
0	0	0	0	0	0	0	0	0	0	0	0	0	0																	
0	0	0	0	0	0	0	0	0	0	0	0	0	0																	
0	0	0	0	0	0	0	0	0	0	0	0	0	0																	
0	0	0	0	0	0	0	0	0	0	0	0	0	0																	
0	0	0	0	0	0	0	0	0	0	0	0	0	0																	
0	0	0	0	0	0	0	0	0	0	0	0	0	0																	
0	0	0	0	0	0	0	0	0	0	0	0	0	0																	
0	0	0	0	0	0	0	0	0	0	0	0	0	0																	
0	0	0	0	0	0	0	0	0	0	0	0	0	0																	
0	0	0	0	0	0	0	0	0	0	0	0	0	0																	
0	0	0	0	0	0	0	0	0	0	0	0	0	0																	
0	0	0	0	0	0	0	0	0	0	0	0	0	0																	
0	0	0	0	0	0	0	0	0	0	0	0	0	0																	
0	29	118	623	6747	13238	18013	20640	17129	10751	6660	3987	1502	562
0	0	509	5723	18706	23050	18337	11237	9724	6859	3372	1512	299	672
0	4008	9306	14280	12441	14851	19063	12363	7347	3736	2516	76	4	10																	
15	6537	23171	18129	19243	10866	8244	6725	3830	2333	682	182	12	32																	
0	948	26775	31505	13806	7153	5240	4675	5000	2005	1505	671	354	362																	
0	261	8122	40260	26412	10014	5840	4570	3001	875	278	287	60	20																	
0	22	5541	22292	38828	20013	6451	3392	1571	949	441	278	145	76
0	0	0	0	0	0	0	0	0	0	0	0	0	0																	
#	Abundance-at-age	in	acoustic	surveys
#1	2	3	4	5	6	7	8	9	10	11	12	13	14																	
0	0	0	0	0	0	0	0	0	0	0	0	0	0																	
0	0	0	0	0	0	0	0	0	0	0	0	0	0																	
0	0	0	0	0	0	0	0	0	0	0	0	0	0																	
0	0	0	0	0	0	0	0	0	0	0	0	0	0																	
0	0	0	0	0	0	0	0	0	0	0	0	0	0																	
0	0	0	0	0	0	0	0	0	0	0	0	0	0																	
0	0	0	0	0	0	0	0	0	0	0	0	0	0																	
0	0	0	0	0	0	0	0	0	0	0	0	0	0																	
0	0	0	0	0	0	0	0	0	0	0	0	0	0																	
0	0	0	0	0	0	0	0	0	0	0	0	0	0																	
0	0	0	0	0	0	0	0	0	0	0	0	0	0																	
0	0	0	0	0	0	0	0	0	0	0	0	0	0																	
0	0	0	0	0	0	0	0	0	0	0	0	0	0																	
0	0	0	0	0	0	0	0	0	0	0	0	0	0																	
0	0	0	0	0	0	0	0	0	0	0	0	0	0																	
0	0	0	0	0	0	0	0	0	0	0	0	0	0																	
0	0	0	0	0	0	0	0	0	0	0	0	0	0																	
0	0	0	0	0	0	0	0	0	0	0	0	0	0																	
0	0	0	0	0	0	0	0	0	0	0	0	0	0																	
0	0	0	0	0	0	0	0	0	0	0	0	0	0																	
0	10	110	305	1063	839	1926	1897	1564	1237	632	239	101	78
0	269	910	529	1228	1733	1546	1255	994	531	450	163	123	269
17	242	556	1429	1314	1515	1856	1123	999	545	251	64	42	46
0	0	36	375	1149	1767	1587	2219	1480	937	333	58	59	1
0	30	375	1604	1145	1063	1283	1135	1296	944	707	283	61	76
0	2	269	563	1036	765	1004	1482	1350	1148	932	828	347	274
0	0	0	0	0	0	0	0	0	0	0	0	0	0												
0	138	588	1148	1775	2614	1314	1072	816	348	127	40	14	6
26	1547	4915	2049	767	253	244	68	64	27	18	20	4	0
129	756	2680	2221	1407	733	343	685	418	314	156	89	64	6
140	817	2880	2579	1827	788	369	322	172	107	0	0	0	0
#	Mean	weigth-at-age	trawling in southern area (ST) Wmed												
#1	2	3	4	5	6	7	8	9	10	11	12	13	14															
0.076	0.185	0.333	0.537	0.719	0.898	1.091	1.286	1.458	1.646	1.84	2.129	2.259	2.916
0.076	0.185	0.333	0.537	0.719	0.898	1.091	1.286	1.458	1.646	1.84	2.129	2.259	2.916
0.076	0.185	0.333	0.537	0.719	0.898	1.091	1.286	1.458	1.646	1.84	2.129	2.259	2.916
0.076	0.185	0.333	0.537	0.719	0.898	1.091	1.286	1.458	1.646	1.84	2.129	2.259	2.916
0.076	0.185	0.333	0.537	0.719	0.898	1.091	1.286	1.458	1.646	1.84	2.129	2.259	2.916
0.076	0.185	0.333	0.537	0.719	0.898	1.091	1.286	1.458	1.646	1.84	2.129	2.259	2.916
0.076	0.185	0.333	0.537	0.719	0.898	1.091	1.286	1.458	1.646	1.84	2.129	2.259	2.916
0.076	0.185	0.333	0.537	0.719	0.898	1.091	1.286	1.458	1.646	1.84	2.129	2.259	2.916
0.1	0.191	0.349	0.565	0.804	0.977	1.238	1.552	1.949	2.158	2.378	2.77	2.81	3.734
0.088	0.2	0.326	0.535	0.758	1.012	1.292	1.615	1.927	2.318	2.622	3.045	3.298	4.753
0.108	0.221	0.412	0.614	0.756	0.895	1.087	1.202	1.324	1.348	2.109	2.63	2.641	4.753
0.124	0.185	0.366	0.6	0.818	0.988	1.259	1.518	1.689	1.712	2.069	3.333	2.662	4.753
0.1	0.217	0.405	0.649	0.942	1.101	1.257	1.448	1.493	1.673	1.714	2.011	2.481	2.862
0.101	0.163	0.311	0.537	0.728	0.977	1.152	1.346	1.498	1.663	2.018	2.638	2.561	3.995
0.09	0.218	0.33	0.531	0.773	1.04	1.281	1.425	1.505	1.787	2.161	2.171	2.273	3.995
0.105	0.169	0.305	0.624	0.866	1.062	1.314	1.515	1.663	1.853	1.922	1.847	1.87	2.515
0.033	0.226	0.38	0.671	0.833	1.089	1.271	1.47	1.574	1.796	1.839	2.547	2.676	2.796
0.053	0.177	0.288	0.504	0.66	0.839	1.014	1.101	1.236	1.387	1.362	1.54	1.558	2.265
0.053	0.183	0.344	0.569	0.751	0.96	1.174	1.334	1.507	1.652	1.816	2.072	2.33	2.427
0.077	0.167	0.321	0.484	0.65	0.841	1.038	1.215	1.437	1.617	1.979	2.142	2.608	2.745
0.048	0.143	0.272	0.438	0.597	0.757	0.963	1.198	1.379	1.549	1.698	1.833	1.661	1.995
0.048	0.183	0.316	0.473	0.677	0.778	1.004	1.079	1.332	1.543	1.716	1.971	2.204	2.665
0.048	0.187	0.339	0.518	0.67	0.808	0.92	1.132	1.214	1.412	1.514	1.75	2.108	2.351
0.048	0.134	0.387	0.521	0.673	0.849	0.988	1.119	1.343	1.416	1.671	1.724	1.766	1.716
0.102	0.200	0.300	0.482	0.632	0.766	0.921	1.115	1.247	1.523	1.634	1.826	2.234	2.267
0.074	0.205	0.301	0.489	0.556	0.752	0.881	1.02	1.233	1.356	1.551	1.785	1.818	1.758
0.093	0.191	0.310	0.501	0.644	0.756	0.935	1.167	1.335	1.554	1.52	1.706	1.893	2.455
0.04	0.157	0.314	0.501	0.704	0.815	1.010	1.196	1.318	1.46	1.608	1.725	2.175	2.223
0.068	0.191	0.333	0.53	0.704	0.889	1.018	1.302	1.476	1.548	1.694	1.905	1.959	2.444
0.073	0.179	0.33	0.512	0.675	0.857	1.042	1.252	1.431	1.769	1.86	1.996	2.184	2.802
0.073	0.179	0.33	0.512	0.675	0.857	1.042	1.252	1.431	1.769	1.86	1.996	2.184	2.802
#	Weigth-at-age	at	the	beginning (Win)
#1	2	3	4	5	6	7	8	9	10	11	12	13	14																	
0.048	0.119	0.249	0.423	0.622	0.804	0.99	1.185	1.369	1.549	1.74	1.979	2.193	2.566
0.048	0.119	0.249	0.423	0.622	0.804	0.99	1.185	1.369	1.549	1.74	1.979	2.193	2.566
0.048	0.119	0.249	0.423	0.622	0.804	0.99	1.185	1.369	1.549	1.74	1.979	2.193	2.566
0.048	0.119	0.249	0.423	0.622	0.804	0.99	1.185	1.369	1.549	1.74	1.979	2.193	2.566
0.048	0.119	0.249	0.423	0.622	0.804	0.99	1.185	1.369	1.549	1.74	1.979	2.193	2.566
0.048	0.119	0.249	0.423	0.622	0.804	0.99	1.185	1.369	1.549	1.74	1.979	2.193	2.566
0.048	0.119	0.249	0.423	0.622	0.804	0.99	1.185	1.369	1.549	1.74	1.979	2.193	2.566
0.048	0.119	0.249	0.423	0.622	0.804	0.99	1.185	1.369	1.549	1.74	1.979	2.193	2.566
0.071	0.12	0.254	0.434	0.657	0.838	1.055	1.301	1.583	1.774	1.979	2.257	2.446	2.904
0.056	0.141	0.250	0.432	0.654	0.902	1.123	1.414	1.729	2.126	2.379	2.691	3.022	3.655
0.083	0.14	0.287	0.447	0.636	0.824	1.049	1.246	1.463	1.612	2.211	2.626	2.836	3.959
0.093	0.142	0.284	0.497	0.709	0.864	1.061	1.284	1.425	1.506	1.67	2.651	2.646	3.543
0.078	0.164	0.274	0.487	0.752	0.949	1.114	1.350	1.505	1.681	1.713	2.040	2.876	2.760
0.068	0.128	0.260	0.467	0.688	0.959	1.126	1.300	1.473	1.575	1.837	2.126	2.269	3.148
0.066	0.148	0.232	0.406	0.645	0.87	1.119	1.281	1.423	1.636	1.895	2.093	2.448	3.198
0.072	0.124	0.258	0.454	0.678	0.906	1.169	1.393	1.539	1.67	1.854	1.998	2.015	2.391
0.014	0.154	0.254	0.453	0.721	0.971	1.162	1.390	1.544	1.728	1.846	2.213	2.223	2.287
0.029	0.077	0.255	0.438	0.665	0.836	1.051	1.183	1.348	1.477	1.564	1.683	1.992	2.462
0.03	0.099	0.247	0.405	0.615	0.796	0.992	1.163	1.288	1.429	1.587	1.680	1.894	1.945
0.056	0.094	0.242	0.408	0.608	0.794	0.998	1.194	1.385	1.561	1.808	1.972	2.325	2.529
0.024	0.104	0.213	0.375	0.538	0.701	0.900	1.115	1.295	1.492	1.657	1.905	1.886	2.281
0.024	0.093	0.212	0.359	0.544	0.682	0.872	1.019	1.263	1.459	1.63	1.829	2.010	2.104
0.028	0.094	0.249	0.404	0.563	0.74	0.846	1.066	1.144	1.371	1.529	1.733	2.038	2.276
0.023	0.08	0.269	0.42	0.590	0.754	0.893	1.015	1.233	1.311	1.536	1.616	1.758	1.902
0.072	0.097	0.201	0.431	0.574	0.718	0.884	1.049	1.181	1.43	1.521	1.747	1.963	2.001
0.046	0.144	0.245	0.383	0.518	0.69	0.821	0.969	1.172	1.30	1.537	1.708	1.822	1.981
0.071	0.119	0.252	0.388	0.561	0.649	0.839	1.014	1.167	1.384	1.436	1.626	1.838	2.113
0.018	0.12	0.245	0.394	0.594	0.724	0.874	1.057	1.24	1.396	1.581	1.619	1.926	2.051
0.041	0.087	0.229	0.408	0.594	0.791	0.911	1.147	1.329	1.428	1.572	1.75	1.838	2.306
0.046	0.11	0.251	0.413	0.599	0.777	0.963	1.129	1.365	1.616	1.697	1.838	2.039	2.343
0.046	0.114	0.243	0.411	0.588	0.761	0.945	1.142	1.338	1.591	1.814	1.927	2.088	2.473
#	Mean	weigth-at-age	purse-seine (Wps)	
#1	2	3	4	5	6	7	8	9	10	11	12	13	14																	
0.066	0.187	0.254	0.351	0.484	0.574	0.716	0.802	0.99	0.926	0.785	0.806	0	0
0.066	0.187	0.254	0.351	0.484	0.574	0.716	0.802	0.99	0.926	0.785	0.806	0	0
0.066	0.187	0.254	0.351	0.484	0.574	0.716	0.802	0.99	0.926	0.785	0.806	0	0
0.066	0.187	0.254	0.351	0.484	0.574	0.716	0.802	0.99	0.926	0.785	0.806	0	0
0.066	0.187	0.254	0.351	0.484	0.574	0.716	0.802	0.99	0.926	0.785	0.806	0	0
0.066	0.187	0.254	0.351	0.484	0.574	0.716	0.802	0.99	0.926	0.785	0.806	0	0
0.066	0.187	0.254	0.351	0.484	0.574	0.716	0.802	0.99	0.926	0.785	0.806	0	0
0.066	0.187	0.254	0.351	0.484	0.574	0.716	0.802	0.99	0.926	0.785	0.806	0	0
0.066	0.187	0.254	0.351	0.484	0.574	0.716	0.802	0.99	0.926	0.785	0.806	0	0
0.066	0.187	0.254	0.351	0.484	0.574	0.716	0.802	0.99	0.926	0.785	0.806	0	0
0.066	0.187	0.254	0.351	0.484	0.574	0.716	0.802	0.99	0.926	0.785	0.806	0	0
0.066	0.187	0.254	0.351	0.484	0.574	0.716	0.802	0.99	0.926	0.785	0.806	0	0
0.066	0.187	0.254	0.351	0.484	0.574	0.716	0.802	0.99	0.926	0.785	0.806	0	0
0.066	0.187	0.254	0.351	0.484	0.574	0.716	0.802	0.99	0.926	0.785	0.806	0	0
0.066	0.187	0.254	0.351	0.484	0.574	0.716	0.802	0.99	0.926	0.785	0.806	0	0
0.066	0.187	0.254	0.351	0.484	0.574	0.716	0.802	0.99	0.926	0.785	0.806	0	0
0.066	0.187	0.254	0.351	0.484	0.574	0.716	0.802	0.99	0.926	0.785	0.806	0	0
0.077	0.177	0.243	0.356	0.510	0.567	0.709	0.801	0.998	1.209	1.308	1.344	0	0
0.077	0.177	0.243	0.356	0.510	0.567	0.709	0.801	0.998	1.209	1.308	1.344	0	0
0.077	0.177	0.243	0.356	0.510	0.567	0.709	0.801	0.998	1.209	1.308	1.344	0	0
0.101	0.184	0.246	0.313	0.439	0.581	0.701	0.707	0.883	0.000	0.000	0.000	0	0
0.000	0.220	0.294	0.373	0.453	0.588	0.754	0.899	1.074	1.002	0.000	0.000	0	0
0.066	0.187	0.254	0.351	0.484	0.574	0.716	0.802	0.99	0.926	0.785	0.806	0	0
0.066	0.187	0.254	0.351	0.484	0.574	0.716	0.802	0.99	0.926	0.785	0.806	0	0
0.066	0.187	0.254	0.351	0.484	0.574	0.716	0.802	0.99	0.926	0.785	0.806	0	0
0.066	0.187	0.254	0.351	0.484	0.574	0.716	0.802	0.99	0.926	0.785	0.806	0	0
0.066	0.187	0.254	0.351	0.484	0.574	0.716	0.802	0.99	0.926	0.785	0.806	0	0
0.0664	0.187	0.2538	0.3508	0.4844	0.574	0.7164	0.8018	0.9902	0.9258	0.7848	0.8064	0	0
0.0664	0.187	0.2538	0.3508	0.4844	0.574	0.7164	0.8018	0.9902	0.9258	0.7848	0.8064	0	0
0.066	0.187	0.254	0.351	0.484	0.574	0.716	0.802	0.99	0.926	0.785	0.806	0	0
0.066	0.187	0.254	0.351	0.484	0.574	0.716	0.802	0.99	0.926	0.785	0.806	0	0
